# CheminTotalEnMicrons	Intensite
-2.000000000000000000e+01	9.646656260780941849e+00
-1.996089931573802545e+01	9.470585402736622527e+00
-1.992179863147605090e+01	9.539175325586599641e+00
-1.988269794721407635e+01	9.518479942543471850e+00
-1.984359726295210180e+01	9.769347810616515915e+00
-1.980449657869012725e+01	9.843462524813780590e+00
-1.976539589442815270e+01	1.006015855287216532e+01
-1.972629521016617815e+01	1.027554508308497638e+01
-1.968719452590420360e+01	1.039641287006458015e+01
-1.964809384164222905e+01	1.049726352230975124e+01
-1.960899315738025450e+01	1.053523565885430635e+01
-1.956989247311827995e+01	1.042968712082247151e+01
-1.953079178885630540e+01	1.029825762320239058e+01
-1.949169110459433085e+01	1.012861562650869907e+01
-1.945259042033235630e+01	9.873670568249725221e+00
-1.941348973607038175e+01	9.832400848734751619e+00
-1.937438905180840720e+01	9.628449524118728675e+00
-1.933528836754643265e+01	9.583638707996689377e+00
-1.929618768328445810e+01	9.503755363012739821e+00
-1.925708699902248355e+01	9.516446428993145190e+00
-1.921798631476050900e+01	9.766979483114317517e+00
-1.917888563049853445e+01	9.825057960085510800e+00
-1.913978494623655990e+01	9.998278742762897409e+00
-1.910068426197458535e+01	1.016254860866939502e+01
-1.906158357771261080e+01	1.041706306626972811e+01
-1.902248289345063625e+01	1.058327425482692341e+01
-1.898338220918866170e+01	1.054929140826947886e+01
-1.894428152492668715e+01	1.049764792485279585e+01
-1.890518084066471260e+01	1.036657111041757595e+01
-1.886608015640273806e+01	1.021033639348884670e+01
-1.882697947214076351e+01	9.996678728536631198e+00
-1.878787878787878896e+01	9.853960099828674046e+00
-1.874877810361681441e+01	9.606209414588924744e+00
-1.870967741935483986e+01	9.433243951334036481e+00
-1.867057673509286531e+01	9.480496033518589272e+00
-1.863147605083089076e+01	9.550579533619885098e+00
-1.859237536656891621e+01	9.595901484114188307e+00
-1.855327468230694166e+01	9.824373753460651670e+00
-1.851417399804496711e+01	9.966682929669360647e+00
-1.847507331378299256e+01	1.030912761149012091e+01
-1.843597262952101801e+01	1.030524798420576893e+01
-1.839687194525904346e+01	1.056600102276246567e+01
-1.835777126099706891e+01	1.045264141501778887e+01
-1.831867057673509436e+01	1.040650548714252288e+01
-1.827956989247311981e+01	1.044502148118926677e+01
-1.824046920821114526e+01	1.020211329168148495e+01
-1.820136852394917071e+01	1.000932615685453264e+01
-1.816226783968719616e+01	9.802851104530152071e+00
-1.812316715542522161e+01	9.569633116943638385e+00
-1.808406647116324706e+01	9.548244264978864138e+00
-1.804496578690127251e+01	9.425188731449036794e+00
-1.800586510263929796e+01	9.603761264515664919e+00
-1.796676441837732341e+01	9.618462855109919829e+00
-1.792766373411534886e+01	9.767377608459863580e+00
-1.788856304985337431e+01	9.912968398047363294e+00
-1.784946236559139976e+01	1.022547507874051043e+01
-1.781036168132942521e+01	1.030460419553678264e+01
-1.777126099706745066e+01	1.042858625330868705e+01
-1.773216031280547256e+01	1.042306424224565298e+01
-1.769305962854349801e+01	1.044501391160304671e+01
-1.765395894428152346e+01	1.033251672058868920e+01
-1.761485826001954891e+01	1.025652095473428638e+01
-1.757575757575757436e+01	1.004510836934542084e+01
-1.753665689149559981e+01	9.796521265729671413e+00
-1.749755620723362526e+01	9.671271757122557489e+00
-1.745845552297165071e+01	9.626875735037868864e+00
-1.741935483870967616e+01	9.450836896344691596e+00
-1.738025415444770161e+01	9.606284282485837878e+00
-1.734115347018572706e+01	9.611312469315951290e+00
-1.730205278592375251e+01	9.708736183919944196e+00
-1.726295210166177796e+01	9.887074748057335327e+00
-1.722385141739980341e+01	1.004045334961294245e+01
-1.718475073313782886e+01	1.021034451683948241e+01
-1.714565004887585431e+01	1.033927410531640412e+01
-1.710654936461387976e+01	1.059020979567202758e+01
-1.706744868035190521e+01	1.041468127588479220e+01
-1.702834799608993066e+01	1.046498463580708282e+01
-1.698924731182795611e+01	1.020829557881117999e+01
-1.695014662756598156e+01	1.005082653952040417e+01
-1.691104594330400701e+01	9.797805261994774639e+00
-1.687194525904203246e+01	9.626811087134568012e+00
-1.683284457478005791e+01	9.502646648780050498e+00
-1.679374389051808336e+01	9.526707284967034894e+00
-1.675464320625610881e+01	9.523012029283034252e+00
-1.671554252199413426e+01	9.579430817057136949e+00
-1.667644183773215971e+01	9.728521813895836701e+00
-1.663734115347018516e+01	9.834027097521119032e+00
-1.659824046920821061e+01	1.007046928802822627e+01
-1.655913978494623606e+01	1.034776504144421772e+01
-1.652003910068426151e+01	1.041044177137118432e+01
-1.648093841642228696e+01	1.041797038970361022e+01
-1.644183773216031241e+01	1.052624916751581097e+01
-1.640273704789833786e+01	1.043512891504356688e+01
-1.636363636363636331e+01	1.037092928814556458e+01
-1.632453567937438876e+01	1.016846860971894095e+01
-1.628543499511241421e+01	9.945840658025314696e+00
-1.624633431085043966e+01	9.787353341370618409e+00
-1.620723362658846511e+01	9.534146022175931989e+00
-1.616813294232649056e+01	9.586314469396663540e+00
-1.612903225806451601e+01	9.584942712696300049e+00
-1.608993157380254146e+01	9.556767898418536689e+00
-1.605083088954056691e+01	9.625662786385518643e+00
-1.601173020527859236e+01	9.870779558730964354e+00
-1.597262952101661782e+01	1.007381841793947075e+01
-1.593352883675464327e+01	1.018475531486970809e+01
-1.589442815249266872e+01	1.038371499556459909e+01
-1.585532746823069417e+01	1.042402715067801466e+01
-1.581622678396871962e+01	1.058938647367677710e+01
-1.577712609970674507e+01	1.049026300951306467e+01
-1.573802541544477052e+01	1.022479300293276872e+01
-1.569892473118279597e+01	1.021230769875729472e+01
-1.565982404692082142e+01	9.928855826180184252e+00
-1.562072336265884687e+01	9.723023793613986498e+00
-1.558162267839687232e+01	9.616889914624614732e+00
-1.554252199413489777e+01	9.594387256140509024e+00
-1.550342130987292322e+01	9.543066324626446217e+00
-1.546432062561094867e+01	9.558984230177573593e+00
-1.542521994134897412e+01	9.651633938886277519e+00
-1.538611925708699957e+01	9.890115328453942922e+00
-1.534701857282502502e+01	9.965450849628734176e+00
-1.530791788856305047e+01	1.012936116567403744e+01
-1.526881720430107592e+01	1.029143034248689936e+01
-1.522971652003910137e+01	1.036683222171124719e+01
-1.519061583577712682e+01	1.056943110960168219e+01
-1.515151515151515227e+01	1.040315503101082051e+01
-1.511241446725317772e+01	1.037444985841831269e+01
-1.507331378299120317e+01	1.021514245424688383e+01
-1.503421309872922862e+01	9.921375254221072026e+00
-1.499511241446725407e+01	9.723940582501141350e+00
-1.495601173020527952e+01	9.623397757411478182e+00
-1.491691104594330497e+01	9.538717350869472256e+00
-1.487781036168133042e+01	9.470465085508458003e+00
-1.483870967741935587e+01	9.513349117531371135e+00
-1.479960899315738132e+01	9.554160010511855816e+00
-1.476050830889540677e+01	9.860018518697419410e+00
-1.472140762463343222e+01	9.956543851823633773e+00
-1.468230694037145767e+01	1.008766278683163087e+01
-1.464320625610948312e+01	1.040139862482297950e+01
-1.460410557184750857e+01	1.049367943529515301e+01
-1.456500488758553402e+01	1.055827114248414489e+01
-1.452590420332355947e+01	1.043469769177695206e+01
-1.448680351906158315e+01	1.034996306765678753e+01
-1.444770283479960860e+01	1.025594912841992112e+01
-1.440860215053763405e+01	9.951909556525048828e+00
-1.436950146627565950e+01	9.807871763831219170e+00
-1.433040078201368495e+01	9.623306772048495716e+00
-1.429130009775171040e+01	9.603307966283940900e+00
-1.425219941348973585e+01	9.489366657723275367e+00
-1.421309872922776130e+01	9.594978199438219946e+00
-1.417399804496578675e+01	9.529915611428013023e+00
-1.413489736070381220e+01	9.867777420901974850e+00
-1.409579667644183765e+01	9.873089097624633936e+00
-1.405669599217986310e+01	1.015218979748728323e+01
-1.401759530791788855e+01	1.039252696960930500e+01
-1.397849462365591400e+01	1.046796995737525116e+01
-1.393939393939393945e+01	1.058370694943033286e+01
-1.390029325513196490e+01	1.042765095900881001e+01
-1.386119257086999035e+01	1.029816821313794506e+01
-1.382209188660801580e+01	1.027837428459926095e+01
-1.378299120234604125e+01	1.000303177858965675e+01
-1.374389051808406670e+01	9.895518601950554327e+00
-1.370478983382209215e+01	9.627595706741765014e+00
-1.366568914956011760e+01	9.545293454529668153e+00
-1.362658846529814305e+01	9.493193006133818557e+00
-1.358748778103616850e+01	9.482528156367312278e+00
-1.354838709677419395e+01	9.626870771736195209e+00
-1.350928641251221940e+01	9.708042071189280975e+00
-1.347018572825024307e+01	9.942817320195471709e+00
-1.343108504398826852e+01	1.003752978844385524e+01
-1.339198435972629397e+01	1.026140219759669314e+01
-1.335288367546431942e+01	1.045641298070346537e+01
-1.331378299120234487e+01	1.046284481604220318e+01
-1.327468230694037032e+01	1.039941921080042242e+01
-1.323558162267839577e+01	1.048474170929104687e+01
-1.319648093841642122e+01	1.030119812797290635e+01
-1.315738025415444667e+01	1.015977416995014160e+01
-1.311827956989247213e+01	9.868827943074977682e+00
-1.307917888563049758e+01	9.761447067848473935e+00
-1.304007820136852303e+01	9.528876786212066463e+00
-1.300097751710654848e+01	9.462502210737916641e+00
-1.296187683284457393e+01	9.491623166252509236e+00
-1.292277614858259938e+01	9.614401573780812171e+00
-1.288367546432062483e+01	9.623623582747407923e+00
-1.284457478005865028e+01	9.820677023670771888e+00
-1.280547409579667573e+01	1.005890417224631150e+01
-1.276637341153470118e+01	1.034772831593104669e+01
-1.272727272727272663e+01	1.031932967975809845e+01
-1.268817204301075208e+01	1.039599464247618776e+01
-1.264907135874877753e+01	1.059616598352548422e+01
-1.260997067448680298e+01	1.050079563776115421e+01
-1.257086999022482843e+01	1.040304188710613786e+01
-1.253176930596285388e+01	1.013582348063837024e+01
-1.249266862170087933e+01	9.967199908975771905e+00
-1.245356793743890478e+01	9.805104005774946785e+00
-1.241446725317693023e+01	9.670665966258425783e+00
-1.237536656891495568e+01	9.464195656308024951e+00
-1.233626588465298113e+01	9.444607935421901246e+00
-1.229716520039100658e+01	9.611313771430666009e+00
-1.225806451612903203e+01	9.644478996883574240e+00
-1.221896383186705748e+01	9.800384595267317422e+00
-1.217986314760508293e+01	1.001058205990405803e+01
-1.214076246334310838e+01	1.026620733812562669e+01
-1.210166177908113383e+01	1.035917985670442931e+01
-1.206256109481915928e+01	1.043630157325807417e+01
-1.202346041055718473e+01	1.055663502769549744e+01
-1.198435972629521018e+01	1.054086482367076805e+01
-1.194525904203323563e+01	1.036174138626279095e+01
-1.190615835777126108e+01	1.015168348591721958e+01
-1.186705767350928653e+01	9.987659504346776629e+00
-1.182795698924731198e+01	9.764409269141701486e+00
-1.178885630498533743e+01	9.712830947550298077e+00
-1.174975562072336288e+01	9.584164931412042066e+00
-1.171065493646138833e+01	9.504198684168958522e+00
-1.167155425219941378e+01	9.616751569733382965e+00
-1.163245356793743923e+01	9.730893246687164932e+00
-1.159335288367546468e+01	9.786965866170850958e+00
-1.155425219941349013e+01	1.005987258989646982e+01
-1.151515151515151558e+01	1.010235098839534906e+01
-1.147605083088954103e+01	1.028533944710639858e+01
-1.143695014662756648e+01	1.040975993455703552e+01
-1.139784946236559193e+01	1.058957594308652261e+01
-1.135874877810361738e+01	1.056098694175337371e+01
-1.131964809384164283e+01	1.039886600582317477e+01
-1.128054740957966828e+01	1.030652736128813629e+01
-1.124144672531769373e+01	1.006655688121390568e+01
-1.120234604105571918e+01	9.763049613953073802e+00
-1.116324535679374463e+01	9.655834639283623844e+00
-1.112414467253177008e+01	9.608958225874461689e+00
-1.108504398826979553e+01	9.556284360544072598e+00
-1.104594330400782098e+01	9.582553699640817158e+00
-1.100684261974584643e+01	9.668913607246578223e+00
-1.096774193548387011e+01	9.833714435947777943e+00
-1.092864125122189556e+01	9.870180802830020639e+00
-1.088954056695992101e+01	1.025423751571143782e+01
-1.085043988269794646e+01	1.038767411920277617e+01
-1.081133919843597191e+01	1.046210953716156311e+01
-1.077223851417399736e+01	1.059437015535353765e+01
-1.073313782991202281e+01	1.040756874663545695e+01
-1.069403714565004826e+01	1.034004379356770009e+01
-1.065493646138807371e+01	1.026652598825831930e+01
-1.061583577712609916e+01	1.010084612754790356e+01
-1.057673509286412461e+01	9.855081698947058655e+00
-1.053763440860215006e+01	9.745439615581169335e+00
-1.049853372434017551e+01	9.600784776819525135e+00
-1.045943304007820096e+01	9.523383894015450934e+00
-1.042033235581622641e+01	9.527508487949752691e+00
-1.038123167155425186e+01	9.579017861113856114e+00
-1.034213098729227731e+01	9.703354475659843104e+00
-1.030303030303030276e+01	9.950754560760039169e+00
-1.026392961876832821e+01	1.014183814383089022e+01
-1.022482893450635366e+01	1.033947255502330975e+01
-1.018572825024437911e+01	1.040812357003030364e+01
-1.014662756598240456e+01	1.053006031424842703e+01
-1.010752688172043001e+01	1.048264968246583528e+01
-1.006842619745845546e+01	1.034448281113465917e+01
-1.002932551319648091e+01	1.024280381491329805e+01
-9.990224828934506363e+00	1.001843558246046584e+01
-9.951124144672531813e+00	9.905399937195433324e+00
-9.912023460410557263e+00	9.715997095451632148e+00
-9.872922776148582713e+00	9.518302197278872612e+00
-9.833822091886608163e+00	9.431467782552328316e+00
-9.794721407624633613e+00	9.485306381651209762e+00
-9.755620723362659064e+00	9.611008740197666711e+00
-9.716520039100684514e+00	9.779023845071536769e+00
-9.677419354838709964e+00	9.962474156948346149e+00
-9.638318670576735414e+00	9.995454997207113834e+00
-9.599217986314760864e+00	1.033397043349554245e+01
-9.560117302052786314e+00	1.044211138431871078e+01
-9.521016617790811765e+00	1.052338549659342881e+01
-9.481915933528837215e+00	1.042038556671116822e+01
-9.442815249266862665e+00	1.039794556366989831e+01
-9.403714565004888115e+00	1.039345648229095076e+01
-9.364613880742913565e+00	1.004985552763281653e+01
-9.325513196480939015e+00	1.000043958600168104e+01
-9.286412512218964466e+00	9.776137685077841866e+00
-9.247311827956989916e+00	9.532352911849901744e+00
-9.208211143695015366e+00	9.603830043105054060e+00
-9.169110459433040816e+00	9.558649111152393019e+00
-9.130009775171066266e+00	9.551135610575380852e+00
-9.090909090909091717e+00	9.726073970193775509e+00
-9.051808406647117167e+00	9.800030805243556742e+00
-9.012707722385142617e+00	1.002195190215733511e+01
-8.973607038123166291e+00	1.015413668345745180e+01
-8.934506353861191741e+00	1.041161993829786070e+01
-8.895405669599217191e+00	1.043876424302194295e+01
-8.856304985337242641e+00	1.046377701864662413e+01
-8.817204301075268091e+00	1.038402671392920240e+01
-8.778103616813293542e+00	1.037396880091714024e+01
-8.739002932551318992e+00	1.017082687565257970e+01
-8.699902248289344442e+00	1.006899515976063242e+01
-8.660801564027369892e+00	9.740906421775164858e+00
-8.621700879765395342e+00	9.553704631211125786e+00
-8.582600195503420792e+00	9.533945538962326438e+00
-8.543499511241446243e+00	9.419703575529949191e+00
-8.504398826979471693e+00	9.454580278263300386e+00
-8.465298142717497143e+00	9.619556903303584150e+00
-8.426197458455522593e+00	9.887006712595983515e+00
-8.387096774193548043e+00	1.001103382516682849e+01
-8.347996089931573493e+00	1.020968585501630699e+01
-8.308895405669598944e+00	1.029400936932337984e+01
-8.269794721407624394e+00	1.043663150344707802e+01
-8.230694037145649844e+00	1.045806857749780505e+01
-8.191593352883675294e+00	1.050287154468495032e+01
-8.152492668621700744e+00	1.036776904082336515e+01
-8.113391984359726194e+00	1.013528293936816382e+01
-8.074291300097751645e+00	9.931506582231920177e+00
-8.035190615835777095e+00	9.785934610301774583e+00
-7.996089931573802545e+00	9.565841640395733592e+00
-7.956989247311827995e+00	9.535034054650697755e+00
-7.917888563049853445e+00	9.509335746657775701e+00
-7.878787878787878896e+00	9.557968663972026491e+00
-7.839687194525904346e+00	9.712161564599494312e+00
-7.800586510263929796e+00	9.788101125549014014e+00
-7.761485826001955246e+00	9.954985816094467310e+00
-7.722385141739980696e+00	1.012345388069444496e+01
-7.683284457478006146e+00	1.032258626254261458e+01
-7.644183773216031597e+00	1.047086356291935161e+01
-7.605083088954057047e+00	1.048566269079555902e+01
-7.565982404692082497e+00	1.046291858892991300e+01
-7.526881720430107947e+00	1.045751446009746566e+01
-7.487781036168133397e+00	1.032702046413461261e+01
-7.448680351906158847e+00	1.005628658975416201e+01
-7.409579667644184298e+00	9.951638162512306707e+00
-7.370478983382209748e+00	9.610277545966241064e+00
-7.331378299120235198e+00	9.576310365467863406e+00
-7.292277614858260648e+00	9.448315842443468782e+00
-7.253176930596286098e+00	9.491076621795373924e+00
-7.214076246334311548e+00	9.514675043299929413e+00
-7.174975562072336999e+00	9.790289391846819456e+00
-7.135874877810362449e+00	9.843082256229511273e+00
-7.096774193548387899e+00	1.013052494327070008e+01
-7.057673509286413349e+00	1.039535241705269364e+01
-7.018572825024438799e+00	1.044033661472314023e+01
-6.979472140762462473e+00	1.050471303758614283e+01
-6.940371456500487923e+00	1.055407911230059348e+01
-6.901270772238513374e+00	1.042253327360484860e+01
-6.862170087976538824e+00	1.022444122060226590e+01
-6.823069403714564274e+00	1.003056574350850383e+01
-6.783968719452589724e+00	9.924588501524429063e+00
-6.744868035190615174e+00	9.705041260377546664e+00
-6.705767350928640624e+00	9.628820242358546722e+00
-6.666666666666666075e+00	9.599656417748326120e+00
-6.627565982404691525e+00	9.445945692719353914e+00
-6.588465298142716975e+00	9.583397711490794890e+00
-6.549364613880742425e+00	9.688586985933625328e+00
-6.510263929618767875e+00	9.960622063746328081e+00
-6.471163245356793325e+00	1.018408338672257329e+01
-6.432062561094818776e+00	1.033358705514449305e+01
-6.392961876832844226e+00	1.032593234991947817e+01
-6.353861192570869676e+00	1.053035100574675909e+01
-6.314760508308895126e+00	1.049047353552838224e+01
-6.275659824046920576e+00	1.042236012894538355e+01
-6.236559139784946026e+00	1.032510634953449724e+01
-6.197458455522971477e+00	1.008554863803998103e+01
-6.158357771260996927e+00	9.962953546025710594e+00
-6.119257086999022377e+00	9.668849408608194196e+00
-6.080156402737047827e+00	9.583161494720954465e+00
-6.041055718475073277e+00	9.488721417760777044e+00
-6.001955034213098727e+00	9.591821872446443464e+00
-5.962854349951124178e+00	9.545775449027425807e+00
-5.923753665689149628e+00	9.724604889721849332e+00
-5.884652981427175078e+00	9.841854742390177435e+00
-5.845552297165200528e+00	1.009590923028998510e+01
-5.806451612903225978e+00	1.031891727796005398e+01
-5.767350928641251429e+00	1.045876041236212295e+01
-5.728250244379276879e+00	1.040424035493303734e+01
-5.689149560117302329e+00	1.044163355312123009e+01
-5.650048875855327779e+00	1.045266864111712657e+01
-5.610948191593353229e+00	1.036818895594668888e+01
-5.571847507331378679e+00	1.012896518933598067e+01
-5.532746823069404130e+00	1.006318802374296872e+01
-5.493646138807429580e+00	9.772506623009935112e+00
-5.454545454545455030e+00	9.638228757360757015e+00
-5.415444770283480480e+00	9.434000707421356324e+00
-5.376344086021505930e+00	9.418886663158776429e+00
-5.337243401759531380e+00	9.594404540330405240e+00
-5.298142717497556831e+00	9.730710384944069702e+00
-5.259042033235582281e+00	9.858199298944922973e+00
-5.219941348973607731e+00	9.916986605831189294e+00
-5.180840664711633181e+00	1.015118591337583354e+01
-5.141739980449658631e+00	1.042343777030241903e+01
-5.102639296187684081e+00	1.050247939314153633e+01
-5.063538611925709532e+00	1.047696713482020314e+01
-5.024437927663734982e+00	1.048714455732470618e+01
-4.985337243401758656e+00	1.036950233835098167e+01
-4.946236559139784106e+00	1.019135350104606985e+01
-4.907135874877809556e+00	9.903213795607154424e+00
-4.868035190615835006e+00	9.809241917700333602e+00
-4.828934506353860456e+00	9.724948747723502152e+00
-4.789833822091885907e+00	9.615533206722430393e+00
-4.750733137829911357e+00	9.558569089971134858e+00
-4.711632453567936807e+00	9.522717120786778011e+00
-4.672531769305962257e+00	9.625794573385219266e+00
-4.633431085043987707e+00	9.784076228132411401e+00
-4.594330400782013157e+00	1.007745368553030652e+01
-4.555229716520038608e+00	1.013531780741390165e+01
-4.516129032258064058e+00	1.026499897109835224e+01
-4.477028347996089508e+00	1.053108587242431327e+01
-4.437927663734114958e+00	1.040582263214518477e+01
-4.398826979472140408e+00	1.057559900587504664e+01
-4.359726295210165858e+00	1.029237164203650146e+01
-4.320625610948191309e+00	1.016933862935315247e+01
-4.281524926686216759e+00	1.013238867950521893e+01
-4.242424242424242209e+00	9.793435024085100693e+00
-4.203323558162267659e+00	9.672349153390852550e+00
-4.164222873900293109e+00	9.515758005309461254e+00
-4.125122189638318559e+00	9.460159116279260871e+00
-4.086021505376344010e+00	9.541225174717194335e+00
-4.046920821114369460e+00	9.525711753984873909e+00
-4.007820136852394910e+00	9.762053485448570100e+00
-3.968719452590420360e+00	9.933921423728946820e+00
-3.929618768328445810e+00	1.011955229994124039e+01
-3.890518084066471260e+00	1.035544584372995303e+01
-3.851417399804496711e+00	1.045976760524962579e+01
-3.812316715542522161e+00	1.049757015927269421e+01
-3.773216031280547611e+00	1.056019539497230220e+01
-3.734115347018573061e+00	1.031013816671972805e+01
-3.695014662756598511e+00	1.028818110097350491e+01
-3.655913978494623962e+00	1.010478982336490184e+01
-3.616813294232649412e+00	9.883587327859745031e+00
-3.577712609970674862e+00	9.773728198396701927e+00
-3.538611925708700312e+00	9.614957273722556153e+00
-3.499511241446725762e+00	9.593566877739634791e+00
-3.460410557184751212e+00	9.437087471851375753e+00
-3.421309872922776663e+00	9.493274108179686976e+00
-3.382209188660802113e+00	9.749862021424357650e+00
-3.343108504398827563e+00	9.977016055464748234e+00
-3.304007820136853013e+00	1.019683042717064403e+01
-3.264907135874878463e+00	1.023842362975800135e+01
-3.225806451612903913e+00	1.049506245489442158e+01
-3.186705767350929364e+00	1.038642851463441197e+01
-3.147605083088954814e+00	1.041091565805454700e+01
-3.108504398826980264e+00	1.051233309820193895e+01
-3.069403714565005714e+00	1.028209223543843187e+01
-3.030303030303031164e+00	1.004531173994620374e+01
-2.991202346041056614e+00	9.926398900862468011e+00
-2.952101661779082065e+00	9.782834342143228668e+00
-2.913000977517107515e+00	9.570771812496815301e+00
-2.873900293255132965e+00	9.484621664180478362e+00
-2.834799608993158415e+00	9.531320116575791701e+00
-2.795698924731183865e+00	9.609452303881891311e+00
-2.756598240469209316e+00	9.774676363663711953e+00
-2.717497556207234766e+00	9.922272735905236729e+00
-2.678396871945260216e+00	1.000909653969338642e+01
-2.639296187683285666e+00	1.032561663185607692e+01
-2.600195503421311116e+00	1.047837281505291074e+01
-2.561094819159336566e+00	1.052391869292421589e+01
-2.521994134897362017e+00	1.048670414098654113e+01
-2.482893450635387467e+00	1.048352341359966644e+01
-2.443792766373412917e+00	1.026899268389842135e+01
-2.404692082111438367e+00	1.023795990175833381e+01
-2.365591397849463817e+00	9.994336531153605208e+00
-2.326490713587489267e+00	9.799471479454730627e+00
-2.287390029325514718e+00	9.690337553871824383e+00
-2.248289345063540168e+00	9.549814688213789537e+00
-2.209188660801565618e+00	9.513671075775844699e+00
-2.170087976539591068e+00	9.502161317060700441e+00
-2.130987292277616518e+00	9.730881316871910158e+00
-2.091886608015641968e+00	9.735584506676836725e+00
-2.052785923753667419e+00	1.002638041641549727e+01
-2.013685239491692869e+00	1.015995820573657937e+01
-1.974584555229714766e+00	1.039034780843284622e+01
-1.935483870967740216e+00	1.055055046857540013e+01
-1.896383186705765667e+00	1.048203603901933612e+01
-1.857282502443791117e+00	1.041716914417476936e+01
-1.818181818181816567e+00	1.042817553309559919e+01
-1.779081133919842017e+00	1.020935710396036278e+01
-1.739980449657867467e+00	9.987324451327012298e+00
-1.700879765395892917e+00	9.848324556712231725e+00
-1.661779081133918368e+00	9.690577179894438231e+00
-1.622678396871943818e+00	9.611582513999302080e+00
-1.583577712609969268e+00	9.467158080603699233e+00
-1.544477028347994718e+00	9.601622808546972365e+00
-1.505376344086020168e+00	9.723797917774515298e+00
-1.466275659824045619e+00	9.767068748419902136e+00
-1.427174975562071069e+00	9.900054002181912338e+00
-1.388074291300096519e+00	1.015796837504388428e+01
-1.348973607038121969e+00	1.043376866352167198e+01
-1.309872922776147419e+00	1.040646783249218998e+01
-1.270772238514172869e+00	1.046638725278916837e+01
-1.231671554252198320e+00	1.038657508302426535e+01
-1.192570869990223770e+00	1.037635005105652297e+01
-1.153470185728249220e+00	1.017361915596635136e+01
-1.114369501466274670e+00	9.969188099915786694e+00
-1.075268817204300120e+00	9.850165735142546453e+00
-1.036168132942325570e+00	9.735702577746801367e+00
-9.970674486803510206e-01	9.519709270998355066e+00
-9.579667644183764708e-01	9.425577073056048860e+00
-9.188660801564019209e-01	9.523891695466943474e+00
-8.797653958944273711e-01	9.606099280605505442e+00
-8.406647116324528213e-01	9.853086040001377555e+00
-8.015640273704782715e-01	9.902658890385053425e+00
-7.624633431085037216e-01	1.013413459636855407e+01
-7.233626588465291718e-01	1.037994581608806577e+01
-6.842619745845546220e-01	1.052013908135277553e+01
-6.451612903225800721e-01	1.051054235820010518e+01
-6.060606060606055223e-01	1.048448240819638499e+01
-5.669599217986309725e-01	1.041614082801023144e+01
-5.278592375366564227e-01	1.031526172969620703e+01
-4.887585532746818728e-01	1.014490812978955425e+01
-4.496578690127073230e-01	9.881997240479055478e+00
-4.105571847507327732e-01	9.731510962035624601e+00
-3.714565004887582234e-01	9.534020741395357490e+00
-3.323558162267836735e-01	9.522642359915744592e+00
-2.932551319648091237e-01	9.540847745158508530e+00
-2.541544477028345739e-01	9.631304021642952407e+00
-2.150537634408600240e-01	9.718621507552418493e+00
-1.759530791788854742e-01	9.880980868392313710e+00
-1.368523949169109244e-01	1.012922123380157124e+01
-9.775171065493637457e-02	1.029260944700454949e+01
-5.865102639296182474e-02	1.046011168910075639e+01
-1.955034213098727491e-02	1.054363077048372155e+01
1.955034213098727491e-02	1.047530299235935836e+01
5.865102639296182474e-02	1.031760483917125804e+01
9.775171065493637457e-02	1.035484429777642568e+01
1.368523949169109244e-01	1.007955179866710438e+01
1.759530791788854742e-01	9.957016642438139442e+00
2.150537634408600240e-01	9.781548105367336987e+00
2.541544477028345739e-01	9.639569361988023388e+00
2.932551319648091237e-01	9.557613883841266755e+00
3.323558162267836735e-01	9.520875850583202293e+00
3.714565004887582234e-01	9.539256857486728691e+00
4.105571847507327732e-01	9.708629638635306591e+00
4.496578690127073230e-01	9.886853670801738048e+00
4.887585532746818728e-01	1.001041915271537341e+01
5.278592375366564227e-01	1.016167196608450496e+01
5.669599217986309725e-01	1.048600443572421703e+01
6.060606060606055223e-01	1.057167076135582207e+01
6.451612903225800721e-01	1.047304627564818880e+01
6.842619745845546220e-01	1.036493560419515347e+01
7.233626588465291718e-01	1.037751142386907155e+01
7.624633431085037216e-01	1.021607763785785039e+01
8.015640273704782715e-01	9.942012665555600037e+00
8.406647116324528213e-01	9.748262380281941475e+00
8.797653958944273711e-01	9.670865989676354246e+00
9.188660801564019209e-01	9.447727494356120914e+00
9.579667644183764708e-01	9.424612371123735954e+00
9.970674486803510206e-01	9.625569885066228792e+00
1.036168132942325570e+00	9.629850993558939365e+00
1.075268817204300120e+00	9.773155097590477070e+00
1.114369501466274670e+00	1.003299908940256557e+01
1.153470185728249220e+00	1.022688951810656555e+01
1.192570869990223770e+00	1.030299043710653528e+01
1.231671554252198320e+00	1.039824177118452475e+01
1.270772238514172869e+00	1.049001773683463057e+01
1.309872922776147419e+00	1.049988054964258666e+01
1.348973607038121969e+00	1.035295593217511723e+01
1.388074291300096519e+00	1.017560715515795167e+01
1.427174975562071069e+00	9.924533052961514557e+00
1.466275659824045619e+00	9.852835492367358228e+00
1.505376344086020168e+00	9.546009646053702724e+00
1.544477028347994718e+00	9.531106705990424643e+00
1.583577712609969268e+00	9.461433041045832937e+00
1.622678396871943818e+00	9.556039200596854855e+00
1.661779081133918368e+00	9.597558641281240810e+00
1.700879765395892917e+00	9.890769089667022840e+00
1.739980449657867467e+00	1.007275229298567965e+01
1.779081133919842017e+00	1.025230200464510055e+01
1.818181818181816567e+00	1.028001112362266767e+01
1.857282502443791117e+00	1.047862216338732466e+01
1.896383186705765667e+00	1.057973832446974960e+01
1.935483870967740216e+00	1.054719840684878562e+01
1.974584555229714766e+00	1.031557438728140852e+01
2.013685239491689316e+00	1.028460663084366367e+01
2.052785923753667419e+00	1.008127656018207574e+01
2.091886608015641968e+00	9.816228019915779868e+00
2.130987292277616518e+00	9.604754085185721380e+00
2.170087976539591068e+00	9.635330525158936510e+00
2.209188660801565618e+00	9.522250767463487975e+00
2.248289345063540168e+00	9.491743366985312846e+00
2.287390029325514718e+00	9.710986300426455387e+00
2.326490713587489267e+00	9.861632140067552399e+00
2.365591397849463817e+00	9.885239013224406790e+00
2.404692082111438367e+00	1.022871721395724975e+01
2.443792766373412917e+00	1.039781449388389234e+01
2.482893450635387467e+00	1.034287861784987150e+01
2.521994134897362017e+00	1.051289871095028516e+01
2.561094819159336566e+00	1.037776725761066920e+01
2.600195503421311116e+00	1.034256126084496685e+01
2.639296187683285666e+00	1.031494943026440581e+01
2.678396871945260216e+00	1.010434199163119118e+01
2.717497556207234766e+00	9.838488627724116142e+00
2.756598240469209316e+00	9.672123934006078727e+00
2.795698924731183865e+00	9.508182624385590032e+00
2.834799608993158415e+00	9.459030027766601734e+00
2.873900293255132965e+00	9.592939308220433503e+00
2.913000977517107515e+00	9.570372488351997831e+00
2.952101661779082065e+00	9.714791480500181819e+00
2.991202346041056614e+00	1.001235576953446227e+01
3.030303030303031164e+00	1.001570383506611073e+01
3.069403714565005714e+00	1.031943743704258409e+01
3.108504398826980264e+00	1.039863745163383157e+01
3.147605083088954814e+00	1.053737682765095585e+01
3.186705767350929364e+00	1.043780401106291755e+01
3.225806451612903913e+00	1.036375269850951675e+01
3.264907135874878463e+00	1.027585503206092454e+01
3.304007820136853013e+00	1.010293203506513571e+01
3.343108504398827563e+00	9.914764609235781734e+00
3.382209188660802113e+00	9.638307253612154568e+00
3.421309872922776663e+00	9.637057120003063915e+00
3.460410557184751212e+00	9.507177559843876580e+00
3.499511241446725762e+00	9.460040438825464193e+00
3.538611925708700312e+00	9.499318700939383575e+00
3.577712609970674862e+00	9.709058974774315232e+00
3.616813294232649412e+00	9.864915731385147879e+00
3.655913978494623962e+00	1.016749615515199245e+01
3.695014662756598511e+00	1.034043805360524004e+01
3.734115347018573061e+00	1.046717682248003989e+01
3.773216031280547611e+00	1.038030284491099664e+01
3.812316715542522161e+00	1.041153189471478413e+01
3.851417399804496711e+00	1.048864097431198417e+01
3.890518084066471260e+00	1.031967702912760565e+01
3.929618768328445810e+00	1.004764495567909144e+01
3.968719452590420360e+00	9.950024319324185740e+00
4.007820136852394910e+00	9.721294759296075227e+00
4.046920821114369460e+00	9.590314382187191455e+00
4.086021505376344010e+00	9.519251914683195537e+00
4.125122189638318559e+00	9.435959231241810130e+00
4.164222873900293109e+00	9.578349995516157733e+00
4.203323558162267659e+00	9.635810305650329255e+00
4.242424242424242209e+00	9.915930704593291622e+00
4.281524926686216759e+00	9.990360862303381495e+00
4.320625610948191309e+00	1.026751814244216732e+01
4.359726295210165858e+00	1.029148549517465305e+01
4.398826979472140408e+00	1.045898691001832681e+01
4.437927663734114958e+00	1.040649143249902586e+01
4.477028347996089508e+00	1.046743377792287255e+01
4.516129032258064058e+00	1.034832215598308558e+01
4.555229716520038608e+00	1.009935436294402855e+01
4.594330400782013157e+00	9.890371929948630125e+00
4.633431085043987707e+00	9.726566189480406521e+00
4.672531769305962257e+00	9.564357883921784875e+00
4.711632453567936807e+00	9.623495763393284719e+00
4.750733137829911357e+00	9.412009541793320722e+00
4.789833822091885907e+00	9.462820092769865354e+00
4.828934506353860456e+00	9.705519165662296999e+00
4.868035190615835006e+00	9.804273147269023880e+00
4.907135874877809556e+00	1.008643784981507885e+01
4.946236559139784106e+00	1.020961661892356354e+01
4.985337243401758656e+00	1.032085060027705659e+01
5.024437927663733205e+00	1.039309748134480849e+01
5.063538611925707755e+00	1.048910153495626574e+01
5.102639296187682305e+00	1.056512434063198747e+01
5.141739980449656855e+00	1.041421767991799463e+01
5.180840664711631405e+00	1.027496485225047351e+01
5.219941348973605955e+00	9.918629182334136374e+00
5.259042033235580504e+00	9.794734114864262153e+00
5.298142717497555054e+00	9.705308014035260555e+00
5.337243401759529604e+00	9.630882643973452062e+00
5.376344086021504154e+00	9.571469975214181858e+00
5.415444770283478704e+00	9.542152011720025584e+00
5.454545454545453254e+00	9.651327077086452988e+00
5.493646138807427803e+00	9.810613145520989065e+00
5.532746823069402353e+00	9.935243091229404300e+00
5.571847507331376903e+00	1.014580253384593789e+01
5.610948191593351453e+00	1.024678427368690770e+01
5.650048875855326003e+00	1.037617725544159519e+01
5.689149560117300553e+00	1.056221120633218291e+01
5.728250244379275102e+00	1.037479624046669180e+01
5.767350928641249652e+00	1.038408403683047254e+01
5.806451612903224202e+00	1.016873048648903044e+01
5.845552297165198752e+00	1.014489479201936994e+01
5.884652981427173302e+00	9.921186003614783644e+00
5.923753665689147851e+00	9.772831544304249718e+00
5.962854349951122401e+00	9.493828594011176847e+00
6.001955034213096951e+00	9.417314789593557833e+00
6.041055718475075054e+00	9.600860599864606826e+00
6.080156402737049604e+00	9.510011448699348335e+00
6.119257086999024153e+00	9.741799735681826888e+00
6.158357771260998703e+00	9.925360994912148627e+00
6.197458455522973253e+00	1.010481382362259950e+01
6.236559139784947803e+00	1.021786766028916560e+01
6.275659824046922353e+00	1.040947253552669949e+01
6.314760508308896902e+00	1.038924778837958485e+01
6.353861192570871452e+00	1.054147481993083701e+01
6.392961876832846002e+00	1.032267838448432151e+01
6.432062561094820552e+00	1.026234835851790450e+01
6.471163245356795102e+00	1.006358710734821571e+01
6.510263929618769652e+00	9.831448599326575888e+00
6.549364613880744201e+00	9.683193191491362484e+00
6.588465298142718751e+00	9.619064029669109672e+00
6.627565982404693301e+00	9.515319214602007136e+00
6.666666666666667851e+00	9.597082337073381098e+00
6.705767350928642401e+00	9.645169010694614187e+00
6.744868035190616951e+00	9.771529709797970753e+00
6.783968719452591500e+00	9.986991870589287501e+00
6.823069403714566050e+00	1.012113141746868727e+01
6.862170087976540600e+00	1.024693746583322884e+01
6.901270772238515150e+00	1.045051140673920465e+01
6.940371456500489700e+00	1.053705836572794396e+01
6.979472140762464250e+00	1.050155912720261320e+01
7.018572825024438799e+00	1.050385295426849197e+01
7.057673509286413349e+00	1.028177060761649209e+01
7.096774193548387899e+00	1.010761700627742954e+01
7.135874877810362449e+00	1.001416655783457443e+01
7.174975562072336999e+00	9.777042299616439891e+00
7.214076246334311548e+00	9.653690059125310086e+00
7.253176930596286098e+00	9.445399384398248444e+00
7.292277614858260648e+00	9.450473059694321165e+00
7.331378299120235198e+00	9.556966336545150043e+00
7.370478983382209748e+00	9.671092262696449282e+00
7.409579667644184298e+00	9.908220662993679539e+00
7.448680351906158847e+00	1.004734139445997698e+01
7.487781036168133397e+00	1.027783387016064509e+01
7.526881720430107947e+00	1.043572528809299094e+01
7.565982404692082497e+00	1.045135954335545136e+01
7.605083088954057047e+00	1.045607939252010432e+01
7.644183773216031597e+00	1.046032951218379203e+01
7.683284457478006146e+00	1.023495347124059762e+01
7.722385141739980696e+00	1.023721658574442905e+01
7.761485826001955246e+00	9.889804625808288563e+00
7.800586510263929796e+00	9.878939795859254858e+00
7.839687194525904346e+00	9.539658141636774502e+00
7.878787878787878896e+00	9.440833535977018798e+00
7.917888563049853445e+00	9.487305176009371621e+00
7.956989247311827995e+00	9.555372994874703707e+00
7.996089931573802545e+00	9.700738935047372280e+00
8.035190615835777095e+00	9.793005153874975832e+00
8.074291300097751645e+00	9.962490197368973455e+00
8.113391984359726194e+00	1.020253939988761616e+01
8.152492668621700744e+00	1.033711849130864735e+01
8.191593352883675294e+00	1.036490305290081437e+01
8.230694037145649844e+00	1.058927865577950200e+01
8.269794721407624394e+00	1.047818523856548012e+01
8.308895405669598944e+00	1.033294300423791157e+01
8.347996089931573493e+00	1.018869779534464826e+01
8.387096774193548043e+00	1.004011775196627809e+01
8.426197458455522593e+00	9.753599917611021297e+00
8.465298142717497143e+00	9.626522079451993008e+00
8.504398826979471693e+00	9.574619198195858161e+00
8.543499511241446243e+00	9.421854880474667127e+00
8.582600195503420792e+00	9.610586313752625287e+00
8.621700879765395342e+00	9.679912370905189078e+00
8.660801564027369892e+00	9.756658804762615489e+00
8.699902248289344442e+00	9.880698827143469032e+00
8.739002932551318992e+00	1.021589327779865286e+01
8.778103616813293542e+00	1.030405187081754725e+01
8.817204301075268091e+00	1.040991682572262356e+01
8.856304985337242641e+00	1.057900533303786617e+01
8.895405669599217191e+00	1.046369494575522019e+01
8.934506353861191741e+00	1.030475626680850176e+01
8.973607038123166291e+00	1.022377666565363441e+01
9.012707722385140841e+00	1.000758125514333230e+01
9.051808406647115390e+00	9.951509656981576413e+00
9.090909090909089940e+00	9.772702743964467587e+00
9.130009775171064490e+00	9.475046181913954868e+00
9.169110459433039040e+00	9.595068996257587912e+00
9.208211143695013590e+00	9.562441105195883750e+00
9.247311827956988139e+00	9.513638533940623532e+00
9.286412512218962689e+00	9.808376545439051242e+00
9.325513196480937239e+00	9.940266857739834094e+00
9.364613880742911789e+00	1.010238854977704293e+01
9.403714565004886339e+00	1.033197070904230586e+01
9.442815249266860889e+00	1.039686085909964319e+01
9.481915933528835438e+00	1.040822509323857759e+01
9.521016617790809988e+00	1.057433319081510703e+01
9.560117302052784538e+00	1.046064720542354642e+01
9.599217986314759088e+00	1.032014217490199748e+01
9.638318670576733638e+00	1.014535558849267005e+01
9.677419354838708188e+00	9.931589345656757217e+00
9.716520039100682737e+00	9.741479092064654566e+00
9.755620723362657287e+00	9.497870367713639794e+00
9.794721407624631837e+00	9.525876857571166312e+00
9.833822091886606387e+00	9.483425449196959178e+00
9.872922776148580937e+00	9.662503178827954287e+00
9.912023460410555487e+00	9.803535852544584372e+00
9.951124144672530036e+00	9.964962541768327853e+00
9.990224828934504586e+00	1.009518296982140306e+01
1.002932551319648269e+01	1.022593317138902691e+01
1.006842619745845724e+01	1.048640470288964366e+01
1.010752688172043179e+01	1.040714056048450331e+01
1.014662756598240634e+01	1.041251800632906033e+01
1.018572825024438089e+01	1.049746277206291722e+01
1.022482893450635544e+01	1.027648834331487748e+01
1.026392961876832999e+01	1.018529612513136406e+01
1.030303030303030454e+01	9.840701702641188930e+00
1.034213098729227909e+01	9.691596373099589101e+00
1.038123167155425364e+01	9.572821678401634671e+00
1.042033235581622819e+01	9.604133691287632502e+00
1.045943304007820274e+01	9.542389100005436831e+00
1.049853372434017729e+01	9.556108783979187393e+00
1.053763440860215184e+01	9.731485001681983604e+00
1.057673509286412639e+01	9.783807042657082675e+00
1.061583577712610094e+01	1.012335563133578731e+01
1.065493646138807549e+01	1.030653988533144805e+01
1.069403714565005004e+01	1.040988910495996045e+01
1.073313782991202459e+01	1.057208248589338595e+01
1.077223851417399914e+01	1.046536015939824082e+01
1.081133919843597369e+01	1.054320449303654961e+01
1.085043988269794824e+01	1.037452617324668225e+01
1.088954056695992278e+01	1.020271079740666131e+01
1.092864125122189733e+01	1.001383020880658492e+01
1.096774193548387188e+01	9.720616688540218320e+00
1.100684261974584643e+01	9.541330325996845829e+00
1.104594330400782098e+01	9.534959859075815558e+00
1.108504398826979553e+01	9.490445652318326708e+00
1.112414467253177008e+01	9.481679313158604572e+00
1.116324535679374463e+01	9.695569093209549294e+00
1.120234604105571918e+01	9.893267631293518605e+00
1.124144672531769373e+01	1.002002878472885961e+01
1.128054740957966828e+01	1.016282268063106820e+01
1.131964809384164283e+01	1.026290413212679731e+01
1.135874877810361738e+01	1.042137171773261173e+01
1.139784946236559193e+01	1.057520706302516267e+01
1.143695014662756648e+01	1.045689563591354343e+01
1.147605083088954103e+01	1.040856582892951110e+01
1.151515151515151558e+01	1.015509066141182259e+01
1.155425219941349013e+01	9.981910727982304721e+00
1.159335288367546468e+01	9.764934555576159525e+00
1.163245356793743923e+01	9.730495217537063368e+00
1.167155425219941378e+01	9.502651325000268656e+00
1.171065493646138833e+01	9.432489615220280399e+00
1.174975562072336288e+01	9.523950138939976995e+00
1.178885630498533743e+01	9.687435342026772034e+00
1.182795698924731198e+01	9.721603932947383342e+00
1.186705767350928653e+01	9.988932681675827041e+00
1.190615835777126108e+01	1.021589538176591994e+01
1.194525904203323563e+01	1.035238009130822157e+01
1.198435972629521018e+01	1.046543140748964085e+01
1.202346041055718473e+01	1.055460303410021261e+01
1.206256109481915928e+01	1.043414679772480547e+01
1.210166177908113383e+01	1.040959053170260162e+01
1.214076246334310838e+01	1.017530919469984241e+01
1.217986314760508293e+01	9.975496089806089373e+00
1.221896383186705748e+01	9.938481447583585648e+00
1.225806451612903203e+01	9.746055294209366338e+00
1.229716520039100658e+01	9.488657975098693242e+00
1.233626588465298113e+01	9.539278731996951421e+00
1.237536656891495568e+01	9.492413992546866908e+00
1.241446725317693023e+01	9.640970984991215076e+00
1.245356793743890478e+01	9.755353760940010943e+00
1.249266862170087933e+01	9.923897886741386287e+00
1.253176930596285388e+01	1.015891907537148953e+01
1.257086999022482843e+01	1.025143899114120671e+01
1.260997067448680298e+01	1.048806135127608208e+01
1.264907135874877753e+01	1.049690309776336683e+01
1.268817204301075208e+01	1.041249985020384550e+01
1.272727272727272663e+01	1.036760420186040399e+01
1.276637341153470118e+01	1.029913502951032456e+01
1.280547409579667573e+01	1.013681114854105303e+01
1.284457478005865028e+01	9.913059950079967209e+00
1.288367546432062483e+01	9.671962645597195873e+00
1.292277614858259938e+01	9.612639606101605949e+00
1.296187683284457393e+01	9.545965701540421122e+00
1.300097751710654848e+01	9.606155172109565044e+00
1.304007820136852303e+01	9.681426691874973400e+00
1.307917888563049758e+01	9.796479859254887401e+00
1.311827956989247213e+01	9.812288255118124525e+00
1.315738025415444667e+01	1.010608656267845795e+01
1.319648093841642122e+01	1.025677965429194494e+01
1.323558162267839577e+01	1.043385438306058255e+01
1.327468230694037032e+01	1.039564167292432728e+01
1.331378299120234487e+01	1.058592298224534645e+01
1.335288367546431942e+01	1.036675133795671400e+01
1.339198435972629397e+01	1.037084337362422382e+01
1.343108504398826852e+01	1.001471133457690321e+01
1.347018572825024307e+01	9.918454392156265342e+00
1.350928641251221762e+01	9.674506240843518512e+00
1.354838709677419217e+01	9.592712381094598229e+00
1.358748778103616672e+01	9.444651414548015822e+00
1.362658846529814127e+01	9.512835665649937766e+00
1.366568914956011582e+01	9.508920637209026694e+00
1.370478983382209037e+01	9.620769427039819632e+00
1.374389051808406492e+01	9.839442518146027439e+00
1.378299120234603947e+01	1.004677476444171447e+01
1.382209188660801402e+01	1.021866896138684311e+01
1.386119257086998857e+01	1.032818533214370582e+01
1.390029325513196312e+01	1.038854744398661367e+01
1.393939393939393767e+01	1.044827930985081110e+01
1.397849462365591222e+01	1.051045935885301574e+01
1.401759530791788677e+01	1.030113476078136614e+01
1.405669599217986132e+01	1.016997962764009422e+01
1.409579667644183587e+01	9.968061805100788320e+00
1.413489736070381042e+01	9.833700628774835195e+00
1.417399804496578497e+01	9.555067372028672068e+00
1.421309872922775952e+01	9.433484207717455661e+00
1.425219941348973407e+01	9.450426883996399852e+00
1.429130009775170862e+01	9.485913939313830312e+00
1.433040078201368317e+01	9.743334696593414890e+00
1.436950146627565772e+01	9.810197045600922650e+00
1.440860215053763227e+01	1.007126094139124639e+01
1.444770283479960682e+01	1.031199234340895998e+01
1.448680351906158137e+01	1.033337172824090899e+01
1.452590420332355592e+01	1.045935258161161308e+01
1.456500488758553047e+01	1.052551923244951304e+01
1.460410557184750502e+01	1.045448763236848500e+01
1.464320625610947957e+01	1.042872364378447436e+01
1.468230694037145412e+01	1.018793480915951655e+01
1.472140762463342867e+01	9.968366101255673684e+00
1.476050830889540322e+01	9.725065548986055575e+00
1.479960899315737777e+01	9.688122326957671504e+00
1.483870967741935232e+01	9.575321113255782279e+00
1.487781036168132687e+01	9.559418913811354557e+00
1.491691104594330142e+01	9.600214761756351578e+00
1.495601173020527597e+01	9.616136308667424970e+00
1.499511241446725052e+01	9.735360113132363935e+00
1.503421309872922507e+01	9.936957205667637183e+00
1.507331378299119962e+01	1.012028239399304574e+01
1.511241446725317417e+01	1.042961169228106044e+01
1.515151515151514872e+01	1.046648061660875761e+01
1.519061583577712327e+01	1.040809373438753660e+01
1.522971652003909782e+01	1.038283857965149259e+01
1.526881720430107237e+01	1.038963922933913153e+01
1.530791788856304692e+01	1.014552281874738782e+01
1.534701857282502147e+01	9.966332161577815540e+00
1.538611925708699602e+01	9.760000466216677495e+00
1.542521994134897056e+01	9.618180884152630838e+00
1.546432062561094511e+01	9.523488033282930587e+00
1.550342130987291966e+01	9.502657777056603194e+00
1.554252199413489421e+01	9.584622754145755152e+00
1.558162267839686876e+01	9.659656903642444448e+00
1.562072336265884331e+01	9.743082545874726108e+00
1.565982404692081786e+01	9.868448425350115016e+00
1.569892473118279241e+01	1.004146103628889897e+01
1.573802541544476696e+01	1.032820995336057024e+01
1.577712609970674151e+01	1.034070333345243142e+01
1.581622678396871606e+01	1.039838586721767122e+01
1.585532746823069061e+01	1.054308424062459082e+01
1.589442815249266516e+01	1.032722735159971172e+01
1.593352883675463971e+01	1.023317290239368837e+01
1.597262952101661426e+01	1.007320650745145407e+01
1.601173020527858881e+01	9.958553507233629531e+00
1.605083088954057047e+01	9.770618208561375084e+00
1.608993157380254502e+01	9.584998258915126357e+00
1.612903225806451957e+01	9.531373867335782180e+00
1.616813294232649412e+01	9.425364185628234637e+00
1.620723362658846867e+01	9.596578156312668639e+00
1.624633431085044322e+01	9.814494609010651516e+00
1.628543499511241777e+01	9.942055094725757769e+00
1.632453567937439232e+01	1.007287428986298217e+01
1.636363636363636687e+01	1.032117496477965091e+01
1.640273704789834142e+01	1.034620017983957041e+01
1.644183773216031597e+01	1.048597342202468674e+01
1.648093841642229052e+01	1.042665217699423685e+01
1.652003910068426507e+01	1.045280664534094939e+01
1.655913978494623962e+01	1.029821027027102431e+01
1.659824046920821417e+01	1.006329912044915709e+01
1.663734115347018871e+01	9.932555249975282052e+00
1.667644183773216326e+01	9.806648494751923906e+00
1.671554252199413781e+01	9.657163953776544574e+00
1.675464320625611236e+01	9.439289265491508374e+00
1.679374389051808691e+01	9.414800650386014880e+00
1.683284457478006146e+01	9.618249262800071975e+00
1.687194525904203601e+01	9.690431249108339529e+00
1.691104594330401056e+01	9.862083406275806041e+00
1.695014662756598511e+01	1.009524214830882016e+01
1.698924731182795966e+01	1.029431320233053881e+01
1.702834799608993421e+01	1.043414447889615282e+01
1.706744868035190876e+01	1.045767904707142115e+01
1.710654936461388331e+01	1.041119332580639067e+01
1.714565004887585786e+01	1.053054069752850097e+01
1.718475073313783241e+01	1.035070174586317648e+01
1.722385141739980696e+01	1.015202160738716586e+01
1.726295210166178151e+01	9.906042747840620777e+00
1.730205278592375606e+01	9.826902171172925193e+00
1.734115347018573061e+01	9.709396618402351464e+00
1.738025415444770516e+01	9.586512667556140954e+00
1.741935483870967971e+01	9.427984655930124802e+00
1.745845552297165426e+01	9.488393197111152588e+00
1.749755620723362881e+01	9.608832615794474563e+00
1.753665689149560336e+01	9.815987576343957244e+00
1.757575757575757791e+01	1.000129654612577923e+01
1.761485826001955246e+01	1.027430016575147498e+01
1.765395894428152701e+01	1.031787859428096965e+01
1.769305962854350156e+01	1.038104129413823351e+01
1.773216031280547611e+01	1.039907976479402762e+01
1.777126099706745066e+01	1.053124271492814223e+01
1.781036168132942521e+01	1.043678565272201908e+01
1.784946236559139976e+01	1.016603295412322439e+01
1.788856304985337431e+01	9.894025820344429789e+00
1.792766373411534886e+01	9.832141052300251260e+00
1.796676441837732341e+01	9.677257415949002350e+00
1.800586510263929796e+01	9.572346077559243938e+00
1.804496578690127251e+01	9.504472122318661675e+00
1.808406647116324706e+01	9.597791658500852918e+00
1.812316715542522161e+01	9.635311129376814776e+00
1.816226783968719616e+01	9.865238159033362209e+00
1.820136852394917071e+01	1.007300153755038608e+01
1.824046920821114526e+01	1.020753277268348924e+01
1.827956989247311981e+01	1.035243776574186825e+01
1.831867057673509436e+01	1.053525389550659597e+01
1.835777126099706891e+01	1.053780752007031651e+01
1.839687194525904346e+01	1.055267266070693566e+01
1.843597262952101801e+01	1.045871863258254741e+01
1.847507331378299256e+01	1.021414753793834151e+01
1.851417399804496711e+01	1.005667041426705133e+01
1.855327468230694166e+01	9.759387723117475488e+00
1.859237536656891621e+01	9.626122300738941817e+00
1.863147605083089076e+01	9.495452251368739383e+00
1.867057673509286531e+01	9.541061704897092710e+00
1.870967741935483986e+01	9.450892527517606112e+00
1.874877810361681441e+01	9.594993590664424588e+00
1.878787878787878896e+01	9.749888474815328721e+00
1.882697947214076351e+01	9.872233383440191190e+00
1.886608015640273806e+01	1.016678773395318025e+01
1.890518084066471260e+01	1.027418899601324753e+01
1.894428152492668715e+01	1.041469023723745124e+01
1.898338220918866170e+01	1.049741897016168402e+01
1.902248289345063625e+01	1.057000309621282419e+01
1.906158357771261080e+01	1.040405807752804179e+01
1.910068426197458535e+01	1.018697415012685070e+01
1.913978494623655990e+01	1.006389000959888058e+01
1.917888563049853445e+01	9.902360439364288780e+00
1.921798631476050900e+01	9.750069008268903659e+00
1.925708699902248355e+01	9.581473327041557297e+00
1.929618768328445810e+01	9.497109644983938281e+00
1.933528836754643265e+01	9.443508445597213807e+00
1.937438905180840720e+01	9.615993301855922937e+00
1.941348973607038175e+01	9.765190640600915017e+00
1.945259042033235630e+01	9.989416987463421549e+00
1.949169110459433085e+01	1.015235342034520727e+01
1.953079178885630540e+01	1.032064362681821024e+01
1.956989247311827995e+01	1.033047915480750412e+01
1.960899315738025450e+01	1.047167563605526475e+01
1.964809384164222905e+01	1.049099894149311396e+01
1.968719452590420360e+01	1.034633395582373083e+01
1.972629521016617815e+01	1.033459651634023579e+01
1.976539589442815270e+01	1.014832031713594418e+01
1.980449657869012725e+01	9.850122765780501055e+00
1.984359726295210180e+01	9.764368845613685011e+00
1.988269794721407635e+01	9.604904358851246826e+00
1.992179863147605090e+01	9.572746375189066015e+00
1.996089931573802545e+01	9.583884347189581376e+00
2.000000000000000000e+01	9.590193895624611997e+00
