# #Interferogramme He-Ne
# 
# # Position	Intensite
# 
# 
-1.000000000000000000e+01 5.278055968492851857e-01
-9.899497487437185939e+00 -4.219888148056071264e-01
-9.798994974874371877e+00 -9.336627309471241531e-01
-9.698492462311557816e+00 -5.385062966078277835e-01
-9.597989949748743754e+00 4.766885729595603527e-01
-9.497487437185929693e+00 1.064728859872396738e+00
-9.396984924623115631e+00 7.384667977463080790e-01
-9.296482412060301570e+00 -2.162958637801982165e-01
-9.195979899497487509e+00 -8.522180557583567406e-01
-9.095477386934673447e+00 -7.129632596137772671e-01
-8.994974874371859386e+00 1.923568084228691744e-01
-8.894472361809045324e+00 9.639121936560964832e-01
-8.793969849246231263e+00 8.754571778058777287e-01
-8.693467336683417201e+00 8.419173767126553187e-02
-8.592964824120603140e+00 -7.442930066213556684e-01
-8.492462311557789079e+00 -8.969822926144098707e-01
-8.391959798994975017e+00 -9.266226149639775200e-02
-8.291457286432160956e+00 8.014249083229513237e-01
-8.190954773869346894e+00 1.013802464296891692e+00
-8.090452261306532833e+00 3.747091501802165547e-01
-7.989949748743718771e+00 -6.004179387359560582e-01
-7.889447236180904710e+00 -9.391899162214744079e-01
-7.788944723618090649e+00 -3.909763116064868260e-01
-7.688442211055276587e+00 5.269289740817599821e-01
-7.587939698492462526e+00 1.070542051716785403e+00
-7.487437185929648464e+00 6.320556926620295446e-01
-7.386934673366834403e+00 -3.257281003999644708e-01
-7.286432160804020342e+00 -8.915119120667706065e-01
-7.185929648241206280e+00 -6.065479713487484936e-01
-7.085427135678392219e+00 2.785918908710599551e-01
-6.984924623115578157e+00 9.836299671106379927e-01
-6.884422110552764096e+00 8.099695078286307526e-01
-6.783919597989950034e+00 -1.009238920291702368e-02
-6.683417085427135973e+00 -7.935540074057298998e-01
-6.582914572864321912e+00 -7.914021585134141112e-01
-6.482412060301507850e+00 2.126687371062744442e-02
-6.381909547738693789e+00 8.890481642458295530e-01
-6.281407035175879727e+00 9.579194446656742468e-01
-6.180904522613065666e+00 2.582367691133563570e-01
-6.080402010050251604e+00 -6.973953024412264945e-01
-5.979899497487436655e+00 -8.879792086636220105e-01
-5.879396984924622593e+00 -2.491325135438438865e-01
-5.778894472361808532e+00 6.832909662996603517e-01
-5.678391959798994471e+00 1.092797929272008695e+00
-5.577889447236180409e+00 4.799703470580438669e-01
-5.477386934673366348e+00 -4.091172772935126600e-01
-5.376884422110552286e+00 -9.591187705914463457e-01
-5.276381909547738225e+00 -5.088277914561623039e-01
-5.175879396984924163e+00 3.864097314983176434e-01
-5.075376884422110102e+00 1.006617172056111897e+00
-4.974874371859296041e+00 7.619678829641907125e-01
-4.874371859296481979e+00 -1.978422751689837000e-01
-4.773869346733667918e+00 -8.973233285299982986e-01
-4.673366834170853856e+00 -7.209604396744185850e-01
-4.572864321608039795e+00 1.766081601304057003e-01
-4.472361809045225733e+00 9.790571265965259951e-01
-4.371859296482411672e+00 9.646489688905848237e-01
-4.271356783919597611e+00 1.107357670014844642e-01
-4.170854271356783549e+00 -7.592793062621391309e-01
-4.070351758793969488e+00 -8.321207408961037721e-01
-3.969849246231155426e+00 -1.490795569221719241e-01
-3.869346733668341365e+00 7.813350416940524346e-01
-3.768844221105527303e+00 1.003592456374724939e+00
-3.668341708542713242e+00 4.292403694205794706e-01
-3.567839195979899181e+00 -5.183548392162273810e-01
-3.467336683417085119e+00 -9.827850665181464551e-01
-3.366834170854271058e+00 -4.155312746342951224e-01
-3.266331658291456996e+00 5.794420071432495600e-01
-3.165829145728642935e+00 1.065250143518608805e+00
-3.065326633165828873e+00 5.953451286724567026e-01
-2.964824120603014812e+00 -3.601042667061670199e-01
-2.864321608040200751e+00 -8.940089340237817872e-01
-2.763819095477386689e+00 -6.924320259294171054e-01
-2.663316582914572628e+00 2.638968067337161827e-01
-2.562814070351758566e+00 1.013434510060066795e+00
-2.462311557788944505e+00 8.629658851339239156e-01
-2.361809045226130443e+00 1.099901786815539462e-02
-2.261306532663316382e+00 -8.563590746694298428e-01
-2.160804020100502321e+00 -8.702658939904518443e-01
-2.060301507537688259e+00 -2.402487908662201410e-02
-1.959798994974873310e+00 8.215253087531241283e-01
-1.859296482412059248e+00 9.635837920649418242e-01
-1.758793969849245187e+00 2.466654055201214224e-01
-1.658291457286431125e+00 -6.677317269097484687e-01
-1.557788944723617064e+00 -9.560323679882534176e-01
-1.457286432160803002e+00 -2.914380253844203184e-01
-1.356783919597988941e+00 6.566546565779717293e-01
-1.256281407035174880e+00 1.035478327215687777e+00
-1.155778894472360818e+00 5.045932229558497406e-01
-1.055276381909546757e+00 -4.388269989389550485e-01
-9.547738693467326954e-01 -9.826777187318562756e-01
-8.542713567839186339e-01 -5.699858923771445873e-01
-7.537688442211045725e-01 4.388692598735174921e-01
-6.532663316582905111e-01 1.066334053155970407e+00
-5.527638190954764497e-01 7.529794018324398319e-01
-4.522613065326623882e-01 -1.367686440288146954e-01
-3.517587939698483268e-01 -9.188428331226292656e-01
-2.512562814070342654e-01 -7.855009510375323689e-01
-1.507537688442202040e-01 1.432768153600266214e-01
-5.025125628140614253e-02 9.671360492032210487e-01
5.025125628140791889e-02 9.071317528608099368e-01
1.507537688442219803e-01 1.028270560216497098e-01
2.512562814070360417e-01 -7.985303269909560520e-01
3.517587939698501032e-01 -8.903593010076135128e-01
4.522613065326641646e-01 -1.493249352739275670e-01
5.527638190954782260e-01 7.330966859313428063e-01
6.532663316582922874e-01 1.070917690227908059e+00
7.537688442211063489e-01 3.709535323735956847e-01
8.542713567839204103e-01 -5.031155618159901532e-01
9.547738693467344717e-01 -9.214267178901307531e-01
1.055276381909548533e+00 -3.911310841903602453e-01
1.155778894472362595e+00 4.839519984567594024e-01
1.256281407035176656e+00 1.070561464160570964e+00
1.356783919597990717e+00 6.977288323754557986e-01
1.457286432160804779e+00 -2.761291099715136865e-01
1.557788944723618840e+00 -9.699379132312628826e-01
1.658291457286432902e+00 -6.455717949663147825e-01
1.758793969849246963e+00 2.407475277740946940e-01
1.859296482412061025e+00 9.944684460116748337e-01
1.959798994974875086e+00 8.817358774797277032e-01
2.060301507537689147e+00 -2.737373192145115680e-02
2.160804020100503209e+00 -8.193737334032761277e-01
2.261306532663317270e+00 -8.475324214681025925e-01
2.361809045226131332e+00 -3.379319057050883535e-02
2.462311557788945393e+00 8.550818749712819633e-01
2.562814070351759455e+00 9.646859431374527061e-01
2.663316582914573516e+00 2.701797152485588271e-01
2.763819095477387577e+00 -6.739544414770298753e-01
2.864321608040201639e+00 -8.813093712064267171e-01
2.964824120603015700e+00 -3.563635374749125062e-01
3.065326633165829762e+00 5.954342939045733640e-01
3.165829145728643823e+00 1.074655083109430365e+00
3.266331658291457885e+00 5.410644479406894192e-01
3.366834170854271946e+00 -4.305372231094491409e-01
3.467336683417086007e+00 -9.807694154835959743e-01
3.567839195979900069e+00 -5.927069007731710082e-01
3.668341708542714130e+00 3.910551230300425840e-01
3.768844221105528192e+00 1.025905328597692900e+00
3.869346733668342253e+00 8.015276452957413866e-01
3.969849246231156314e+00 -1.852765818591120550e-01
4.070351758793970376e+00 -8.698136400774837407e-01
4.170854271356784437e+00 -7.644265430091869984e-01
4.271356783919598499e+00 5.684951063075470434e-02
4.371859296482412560e+00 8.831186804994375361e-01
4.472361809045226622e+00 8.876447518441469287e-01
4.572864321608040683e+00 1.227890703065721012e-01
4.673366834170854744e+00 -7.614146045495724380e-01
4.773869346733668806e+00 -9.192208892211455318e-01
4.874371859296482867e+00 -1.579017767242044123e-01
4.974874371859296929e+00 7.823704485307023671e-01
5.075376884422110990e+00 1.037939931942572835e+00
5.175879396984925052e+00 3.960810329299084276e-01
5.276381909547739113e+00 -5.537226973741660174e-01
5.376884422110553174e+00 -9.367481424225743147e-01
5.477386934673367236e+00 -4.482020975629252835e-01
5.577889447236181297e+00 5.392051353229254662e-01
5.678391959798995359e+00 1.040285465971894974e+00
5.778894472361809420e+00 7.170656603181094768e-01
5.879396984924623482e+00 -2.401243460436973398e-01
5.979899497487437543e+00 -9.705595651370269028e-01
6.080402010050253381e+00 -7.209504080518243097e-01
6.180904522613065666e+00 2.758963049358575947e-01
6.281407035175881504e+00 9.791112283913616654e-01
6.381909547738693789e+00 8.490985333447498284e-01
6.482412060301509626e+00 -3.630200400739548583e-02
6.582914572864321912e+00 -7.839205658642622865e-01
6.683417085427137749e+00 -8.419929149351934594e-01
6.783919597989950034e+00 -4.459417038120313398e-02
6.884422110552765872e+00 7.959272976160502999e-01
6.984924623115578157e+00 9.722725248999026793e-01
7.085427135678393995e+00 2.506276553844959953e-01
7.185929648241206280e+00 -6.515974263806901812e-01
7.286432160804022118e+00 -9.798526210621525401e-01
7.386934673366834403e+00 -3.785937629293644191e-01
7.487437185929650241e+00 5.969747774719658118e-01
7.587939698492462526e+00 1.098843197264861127e+00
7.688442211055278364e+00 5.990661895197554321e-01
7.788944723618090649e+00 -3.861408132680523297e-01
7.889447236180906486e+00 -9.544792746056148802e-01
7.989949748743718771e+00 -5.939953586099044891e-01
8.090452261306534609e+00 3.454967776261073098e-01
8.190954773869346894e+00 9.719204232676266209e-01
8.291457286432162732e+00 7.562264064447719036e-01
8.391959798994975017e+00 -1.552053697289064726e-01
8.492462311557790855e+00 -8.918138127183696806e-01
8.592964824120603140e+00 -8.062822818246927481e-01
8.693467336683418978e+00 5.396437570233077186e-02
8.793969849246231263e+00 9.441182153289859880e-01
8.894472361809047101e+00 9.506809389020123291e-01
8.994974874371859386e+00 2.016586422968519587e-01
9.095477386934675224e+00 -7.392894807683677572e-01
9.195979899497487509e+00 -8.535881828486827638e-01
9.296482412060303346e+00 -2.449341362683646051e-01
9.396984924623115631e+00 7.763812862996681829e-01
9.497487437185931469e+00 1.018836704007621385e+00
9.597989949748743754e+00 4.515583261265575521e-01
9.698492462311559592e+00 -5.219841138086481758e-01
9.798994974874371877e+00 -9.183746642409853500e-01
9.899497487437187715e+00 -5.152293071462512586e-01
1.000000000000000000e+01 5.055994835543620169e-01
