# CheminTotalEnMicrons	Intensite
1.000000000000000000e+01	5.999999999310831100e+01
9.960861056751467046e+00	5.999999999287754093e+01
9.921722113502935869e+00	5.999999999370414372e+01
9.882583170254402916e+00	5.999999999406631446e+01
9.843444227005871738e+00	5.999999999272961304e+01
9.804305283757338785e+00	5.999999999226070457e+01
9.765166340508805831e+00	5.999999999400997552e+01
9.726027397260274654e+00	5.999999999373092407e+01
9.686888454011741700e+00	5.999999999432838393e+01
9.647749510763208747e+00	5.999999999275748053e+01
9.608610567514677570e+00	5.999999999210005797e+01
9.569471624266144616e+00	5.999999999291351571e+01
9.530332681017611662e+00	5.999999999431767606e+01
9.491193737769080485e+00	5.999999999235313197e+01
9.452054794520547532e+00	5.999999999223924618e+01
9.412915851272016354e+00	5.999999999429318365e+01
9.373776908023483401e+00	5.999999999446366417e+01
9.334637964774950447e+00	5.999999999185314437e+01
9.295499021526419270e+00	5.999999999246531956e+01
9.256360078277886316e+00	5.999999999216036173e+01
9.217221135029355139e+00	5.999999999192943534e+01
9.178082191780822185e+00	5.999999999297752851e+01
9.138943248532289232e+00	5.999999999221067526e+01
9.099804305283758055e+00	5.999999999189698485e+01
9.060665362035225101e+00	5.999999999224204572e+01
9.021526418786692147e+00	5.999999999425109110e+01
8.982387475538160970e+00	5.999999999199121703e+01
8.943248532289628017e+00	5.999999999230905701e+01
8.904109589041095063e+00	5.999999999279423690e+01
8.864970645792563886e+00	5.999999999275631524e+01
8.825831702544030932e+00	5.999999999411308238e+01
8.786692759295499755e+00	5.999999999324766264e+01
8.747553816046966801e+00	5.999999999240783666e+01
8.708414872798433848e+00	5.999999999295501141e+01
8.669275929549902671e+00	5.999999999363087255e+01
8.630136986301369717e+00	5.999999999428010966e+01
8.590998043052838540e+00	5.999999999180987942e+01
8.551859099804305586e+00	5.999999999279896201e+01
8.512720156555772633e+00	5.999999999268737128e+01
8.473581213307241455e+00	5.999999999336993284e+01
8.434442270058708502e+00	5.999999999365868320e+01
8.395303326810175548e+00	5.999999999249390470e+01
8.356164383561644371e+00	5.999999999323397759e+01
8.317025440313111417e+00	5.999999999380323601e+01
8.277886497064578464e+00	5.999999999291538444e+01
8.238747553816047287e+00	5.999999999210526624e+01
8.199608610567514333e+00	5.999999999189076050e+01
8.160469667318983156e+00	5.999999999251443938e+01
8.121330724070450202e+00	5.999999999251754446e+01
8.082191780821917249e+00	5.999999999405230966e+01
8.043052837573386071e+00	5.999999999271740592e+01
8.003913894324853118e+00	5.999999999288479557e+01
7.964774951076321052e+00	5.999999999202699996e+01
7.925636007827788987e+00	5.999999999246055182e+01
7.886497064579256033e+00	5.999999999139591722e+01
7.847358121330723968e+00	5.999999999247148708e+01
7.808219178082191902e+00	5.999999999102409021e+01
7.769080234833659837e+00	5.999999999226866265e+01
7.729941291585127772e+00	5.999999999254036709e+01
7.690802348336594818e+00	5.999999999126153938e+01
7.651663405088062753e+00	5.999999999120291250e+01
7.612524461839530687e+00	5.999999999253196137e+01
7.573385518590997734e+00	5.999999999224411340e+01
7.534246575342465668e+00	5.999999999136367990e+01
7.495107632093933603e+00	5.999999999079154378e+01
7.455968688845401537e+00	5.999999999354416502e+01
7.416829745596869472e+00	5.999999999326457356e+01
7.377690802348336518e+00	5.999999999263899753e+01
7.338551859099804453e+00	5.999999999255540217e+01
7.299412915851272388e+00	5.999999999235343751e+01
7.260273972602739434e+00	5.999999999106852755e+01
7.221135029354207369e+00	5.999999999068145229e+01
7.181996086105675303e+00	5.999999999105000370e+01
7.142857142857143238e+00	5.999999999192716160e+01
7.103718199608611172e+00	5.999999999051575372e+01
7.064579256360078219e+00	5.999999999035980380e+01
7.025440313111546153e+00	5.999999999184928612e+01
6.986301369863014088e+00	5.999999999107701854e+01
6.947162426614481134e+00	5.999999999292430175e+01
6.908023483365949069e+00	5.999999999111017246e+01
6.868884540117417004e+00	5.999999999241710213e+01
6.829745596868884938e+00	5.999999999189256528e+01
6.790606653620352873e+00	5.999999999011362206e+01
6.751467710371819919e+00	5.999999999165148523e+01
6.712328767123287854e+00	5.999999998981706284e+01
6.673189823874755788e+00	5.999999999073395429e+01
6.634050880626222835e+00	5.999999999004904083e+01
6.594911937377690769e+00	5.999999999028500497e+01
6.555772994129158704e+00	5.999999999283283358e+01
6.516634050880626639e+00	5.999999998976851145e+01
6.477495107632094573e+00	5.999999999246140447e+01
6.438356164383561620e+00	5.999999998992110051e+01
6.399217221135029554e+00	5.999999998952037572e+01
6.360078277886497489e+00	5.999999999172702303e+01
6.320939334637964535e+00	5.999999999053640920e+01
6.281800391389432470e+00	5.999999999089015290e+01
6.242661448140900404e+00	5.999999999226172775e+01
6.203522504892368339e+00	5.999999999165283526e+01
6.164383561643836273e+00	5.999999999072473145e+01
6.125244618395303320e+00	5.999999998917977706e+01
6.086105675146771254e+00	5.999999999152692709e+01
6.046966731898239189e+00	5.999999998981325433e+01
6.007827788649706235e+00	5.999999998877455454e+01
5.968688845401174170e+00	5.999999999098002945e+01
5.929549902152642105e+00	5.999999999225205016e+01
5.890410958904110039e+00	5.999999998915711785e+01
5.851272015655577974e+00	5.999999998875979657e+01
5.812133072407045020e+00	5.999999999152450414e+01
5.772994129158512955e+00	5.999999998862077888e+01
5.733855185909980889e+00	5.999999998938261569e+01
5.694716242661447936e+00	5.999999999187676281e+01
5.655577299412915870e+00	5.999999999078401913e+01
5.616438356164383805e+00	5.999999999174055887e+01
5.577299412915851740e+00	5.999999999170459830e+01
5.538160469667319674e+00	5.999999998797964906e+01
5.499021526418786721e+00	5.999999999107909332e+01
5.459882583170254655e+00	5.999999999153773445e+01
5.420743639921722590e+00	5.999999998758551811e+01
5.381604696673189636e+00	5.999999998775404464e+01
5.342465753424657571e+00	5.999999998747474450e+01
5.303326810176125505e+00	5.999999998773456866e+01
5.264187866927593440e+00	5.999999999026363184e+01
5.225048923679061375e+00	5.999999998848481653e+01
5.185909980430528421e+00	5.999999998748068464e+01
5.146771037181996356e+00	5.999999998762116604e+01
5.107632093933464290e+00	5.999999998841240512e+01
5.068493150684931337e+00	5.999999998785343536e+01
5.029354207436399271e+00	5.999999999056915101e+01
4.990215264187867206e+00	5.999999999048245769e+01
4.951076320939335140e+00	5.999999998707772164e+01
4.911937377690803075e+00	5.999999998732980799e+01
4.872798434442270121e+00	5.999999998671810175e+01
4.833659491193738056e+00	5.999999998769728649e+01
4.794520547945205990e+00	5.999999998922310596e+01
4.755381604696673037e+00	5.999999998854623584e+01
4.716242661448140971e+00	5.999999998905297360e+01
4.677103718199608906e+00	5.999999998916045740e+01
4.637964774951076841e+00	5.999999998617355601e+01
4.598825831702544775e+00	5.999999998603033902e+01
4.559686888454011822e+00	5.999999998866292117e+01
4.520547945205479756e+00	5.999999998892788255e+01
4.481409001956947691e+00	5.999999998499743725e+01
4.442270058708414737e+00	5.999999998518033095e+01
4.403131115459882672e+00	5.999999998587160377e+01
4.363992172211350606e+00	5.999999998501471765e+01
4.324853228962818541e+00	5.999999998853133576e+01
4.285714285714286476e+00	5.999999998825405356e+01
4.246575342465753522e+00	5.999999998390655520e+01
4.207436399217221457e+00	5.999999998813213153e+01
4.168297455968689391e+00	5.999999998759961528e+01
4.129158512720156438e+00	5.999999998528064538e+01
4.090019569471624372e+00	5.999999998416677727e+01
4.050880626223092307e+00	5.999999998517668587e+01
4.011741682974560241e+00	5.999999998572258164e+01
3.972602739726028176e+00	5.999999998835461668e+01
3.933463796477495222e+00	5.999999998666914536e+01
3.894324853228963157e+00	5.999999998278307345e+01
3.855185909980431092e+00	5.999999998247183441e+01
3.816046966731898138e+00	5.999999998633275311e+01
3.776908023483366073e+00	5.999999998526851641e+01
3.737769080234834007e+00	5.999999998693665049e+01
3.698630136986301942e+00	5.999999998146075342e+01
3.659491193737769876e+00	5.999999998233184328e+01
3.620352250489236923e+00	5.999999998578572047e+01
3.581213307240704857e+00	5.999999998337266760e+01
3.542074363992172792e+00	5.999999998119273670e+01
3.502935420743639838e+00	5.999999997977568711e+01
3.463796477495107773e+00	5.999999998386159206e+01
3.424657534246575707e+00	5.999999997954140696e+01
3.385518590998043642e+00	5.999999997444751898e+01
3.346379647749511577e+00	5.999999998244661015e+01
3.307240704500978623e+00	5.999999998348672392e+01
3.268101761252446558e+00	5.999999999640728277e+01
3.228962818003914492e+00	6.000000002238790131e+01
3.189823874755381539e+00	6.000000004766062744e+01
3.150684931506849473e+00	6.000000011342993389e+01
3.111545988258317408e+00	6.000000012323574339e+01
3.072407045009785342e+00	6.000000006829676380e+01
3.033268101761253277e+00	5.999999989455603355e+01
2.994129158512720323e+00	5.999999953497845695e+01
2.954990215264188258e+00	5.999999909879863935e+01
2.915851272015656193e+00	5.999999777991150296e+01
2.876712328767123239e+00	5.999999687296590878e+01
2.837573385518591174e+00	5.999999726066437944e+01
2.798434442270059108e+00	5.999999823527570442e+01
2.759295499021527043e+00	6.000000226453691710e+01
2.720156555772994977e+00	6.000000917469510853e+01
2.681017612524462024e+00	6.000002556794608921e+01
2.641878669275929958e+00	6.000003272649707498e+01
2.602739726027397893e+00	6.000004351298866112e+01
2.563600782778864939e+00	6.000004182020856547e+01
2.524461839530332874e+00	6.000001294340421509e+01
2.485322896281800809e+00	5.999993505570164842e+01
2.446183953033268743e+00	5.999978170141258005e+01
2.407045009784736678e+00	5.999969925986585650e+01
2.367906066536203724e+00	5.999951531932970283e+01
2.328767123287671659e+00	5.999948265470533215e+01
2.289628180039139593e+00	5.999957199639720784e+01
2.250489236790606640e+00	5.999993131213769004e+01
2.211350293542074574e+00	6.000089175978015277e+01
2.172211350293542509e+00	6.000202250398976389e+01
2.133072407045010443e+00	6.000401666788885535e+01
2.093933463796478378e+00	6.000495084230433207e+01
2.054794520547945424e+00	6.000647461405739591e+01
2.015655577299413359e+00	6.000416899127368708e+01
1.976516634050881294e+00	5.999941006396307586e+01
1.937377690802348340e+00	5.998940895939109907e+01
1.898238747553817163e+00	5.997617257736431640e+01
1.859099804305284209e+00	5.996592728623254231e+01
1.819960861056751256e+00	5.995988588524723184e+01
1.780821917808220078e+00	5.995939025686913482e+01
1.741682974559687125e+00	5.997773575339218155e+01
1.702544031311155948e+00	6.001446002570749272e+01
1.663405088062622994e+00	6.007846932582549471e+01
1.624266144814090040e+00	6.013775685113612468e+01
1.585127201565558863e+00	6.022867417149650038e+01
1.545988258317025910e+00	6.026894837682998229e+01
1.506849315068492956e+00	6.018675700912660886e+01
1.467710371819961779e+00	6.009325500699955569e+01
1.428571428571428825e+00	5.988395882864269026e+01
1.389432485322895872e+00	5.957698593507181073e+01
1.350293542074364694e+00	5.926836798421639685e+01
1.311154598825831741e+00	5.913796227476949241e+01
1.272015655577300564e+00	5.899414932854127613e+01
1.232876712328767610e+00	5.918797805800158329e+01
1.193737769080234656e+00	5.972751069810144031e+01
1.154598825831703479e+00	6.058203130900114530e+01
1.115459882583170526e+00	6.194543617508816880e+01
1.076320939334639348e+00	6.253319406843670691e+01
1.037181996086106395e+00	6.417461564111619055e+01
9.980430528375734411e-01	6.330473912070986131e+01
9.589041095890422639e-01	6.220168434247645450e+01
9.197651663405093103e-01	6.033474364998897244e+01
8.806262230919763567e-01	5.762596088383869386e+01
8.414872798434451795e-01	5.403387030051497675e+01
8.023483365949122259e-01	5.076146943228830821e+01
7.632093933463792723e-01	5.235953071512309975e+01
7.240704500978480951e-01	5.019277694464992123e+01
6.849315068493151415e-01	5.435611395015780545e+01
6.457925636007839643e-01	6.021069502637675441e+01
6.066536203522510107e-01	6.579202399842601778e+01
5.675146771037180571e-01	7.168178513494406445e+01
5.283757338551868799e-01	7.670454081779345756e+01
4.892367906066539263e-01	7.955556086502342339e+01
4.500978473581227490e-01	7.344626896999098165e+01
4.109589041095897954e-01	6.650444273334345269e+01
3.718199608610568418e-01	5.762759587759665436e+01
3.326810176125256646e-01	4.849033108066466013e+01
2.935420743639927110e-01	3.928544293549018107e+01
2.544031311154597574e-01	2.966116119754734370e+01
2.152641878669285802e-01	3.239726222954583079e+01
1.761252446183956266e-01	4.059993683385369678e+01
1.369863013698626730e-01	5.237986640708612640e+01
9.784735812133149579e-02	6.499124107130506900e+01
5.870841487279854221e-02	7.774747403929193013e+01
1.956947162426736497e-02	9.268151192302836705e+01
-1.956947162426558862e-02	9.740920494711821220e+01
-5.870841487279854221e-02	8.321772515294168215e+01
-9.784735812132971944e-02	7.634063609482889490e+01
-1.369863013698626730e-01	6.663471431669989897e+01
-1.761252446183938503e-01	5.123173952099789119e+01
-2.152641878669268038e-01	3.744728074575344579e+01
-2.544031311154597574e-01	3.776986020177447045e+01
-2.935420743639909347e-01	3.311639611214086898e+01
-3.326810176125238883e-01	3.570498573112406859e+01
-3.718199608610568418e-01	4.658018948101484114e+01
-4.109589041095880191e-01	5.769242523160669123e+01
-4.500978473581209727e-01	6.912105847467303477e+01
-4.892367906066539263e-01	7.514826183807629434e+01
-5.283757338551851035e-01	7.558239449185010983e+01
-5.675146771037180571e-01	7.648782439566764424e+01
-6.066536203522492343e-01	7.446849165265284398e+01
-6.457925636007821879e-01	6.728168691960996739e+01
-6.849315068493151415e-01	6.017381944430028540e+01
-7.240704500978463187e-01	5.553481985585739977e+01
-7.632093933463792723e-01	5.220764712789586781e+01
-8.023483365949104495e-01	5.045075156271867911e+01
-8.414872798434434031e-01	5.083592374953429527e+01
-8.806262230919763567e-01	5.359489931595187073e+01
-9.197651663405075340e-01	5.774814911727096955e+01
-9.589041095890404875e-01	6.032946803314652584e+01
-9.980430528375734411e-01	6.261244237273685798e+01
-1.037181996086104618e+00	6.396438953011011819e+01
-1.076320939334637572e+00	6.370772477342211459e+01
-1.115459882583170526e+00	6.292889660083152847e+01
-1.154598825831701703e+00	6.215123766470897237e+01
-1.193737769080234656e+00	6.059147986786127404e+01
-1.232876712328765834e+00	5.968274601131882662e+01
-1.272015655577298787e+00	5.902634844297563887e+01
-1.311154598825831741e+00	5.897544838161224590e+01
-1.350293542074362918e+00	5.916228815113263551e+01
-1.389432485322895872e+00	5.918398246361796566e+01
-1.428571428571427049e+00	5.960090852479436307e+01
-1.467710371819960002e+00	5.989560340255265913e+01
-1.506849315068492956e+00	6.009384714099006430e+01
-1.545988258317024133e+00	6.020256073971361133e+01
-1.585127201565557087e+00	6.020675141755958748e+01
-1.624266144814090040e+00	6.021336230974960557e+01
-1.663405088062621218e+00	6.015578346659449238e+01
-1.702544031311154171e+00	6.008691120290880150e+01
-1.741682974559687125e+00	6.001326850753495279e+01
-1.780821917808218302e+00	5.996981529992892490e+01
-1.819960861056751256e+00	5.994840512946293387e+01
-1.859099804305282433e+00	5.994809929525592196e+01
-1.898238747553815386e+00	5.996194983469452922e+01
-1.937377690802348340e+00	5.997598014281969370e+01
-1.976516634050879517e+00	5.999209125647593766e+01
-2.015655577299412471e+00	5.999920530130464158e+01
-2.054794520547943648e+00	6.000437126742985328e+01
-2.093933463796476602e+00	6.000516575960091359e+01
-2.133072407045009555e+00	6.000473165334717862e+01
-2.172211350293540733e+00	6.000422461587848488e+01
-2.211350293542073686e+00	6.000193187337997358e+01
-2.250489236790606640e+00	6.000084408304198291e+01
-2.289628180039137817e+00	5.999992786771283448e+01
-2.328767123287670771e+00	5.999947953494927333e+01
-2.367906066536203724e+00	5.999936099645323395e+01
-2.407045009784734901e+00	5.999937098800363344e+01
-2.446183953033267855e+00	5.999962315141229396e+01
-2.485322896281799032e+00	5.999980530976873183e+01
-2.524461839530331986e+00	5.999994008066089179e+01
-2.563600782778864939e+00	6.000001587478490706e+01
-2.602739726027396117e+00	6.000005055741370796e+01
-2.641878669275929070e+00	6.000004315764078200e+01
-2.681017612524460247e+00	6.000003607957742702e+01
-2.720156555772993201e+00	6.000002123182544977e+01
-2.759295499021526155e+00	6.000001144475345427e+01
-2.798434442270057332e+00	6.000000294777004939e+01
-2.837573385518590285e+00	5.999999836049569524e+01
-2.876712328767123239e+00	5.999999656523394975e+01
-2.915851272015654416e+00	5.999999726931248745e+01
-2.954990215264187370e+00	5.999999832981385595e+01
-2.994129158512720323e+00	5.999999898208685067e+01
-3.033268101761251501e+00	5.999999952718155782e+01
-3.072407045009784454e+00	5.999999988802629503e+01
-3.111545988258315631e+00	6.000000007241815325e+01
-3.150684931506848585e+00	6.000000010318496635e+01
-3.189823874755381539e+00	6.000000009402906187e+01
-3.228962818003912716e+00	6.000000006042365897e+01
-3.268101761252445669e+00	6.000000002314889969e+01
-3.307240704500976847e+00	5.999999999670748707e+01
-3.346379647749509800e+00	5.999999998647133737e+01
-3.385518590998042754e+00	5.999999998179865202e+01
-3.424657534246573931e+00	5.999999997930197537e+01
-3.463796477495106885e+00	5.999999997858987655e+01
-3.502935420743639838e+00	5.999999998279341895e+01
-3.542074363992171016e+00	5.999999998584559791e+01
-3.581213307240703969e+00	5.999999998459428951e+01
-3.620352250489236923e+00	5.999999998276063451e+01
-3.659491193737768100e+00	5.999999998364239673e+01
-3.698630136986301054e+00	5.999999998280355129e+01
-3.737769080234832231e+00	5.999999998667582446e+01
-3.776908023483365184e+00	5.999999998723610162e+01
-3.816046966731898138e+00	5.999999998507389876e+01
-3.855185909980429315e+00	5.999999998349992580e+01
-3.894324853228962269e+00	5.999999998252096844e+01
-3.933463796477493446e+00	5.999999998547502855e+01
-3.972602739726026400e+00	5.999999998649189337e+01
-4.011741682974559353e+00	5.999999998297684556e+01
-4.050880626223090530e+00	5.999999998282475389e+01
-4.090019569471623484e+00	5.999999998330814321e+01
-4.129158512720156438e+00	5.999999998799606260e+01
-4.168297455968687615e+00	5.999999998383032818e+01
-4.207436399217220568e+00	5.999999998889016695e+01
-4.246575342465753522e+00	5.999999998363364995e+01
-4.285714285714284699e+00	5.999999998723251338e+01
-4.324853228962817653e+00	5.999999998390195799e+01
-4.363992172211348830e+00	5.999999998926961098e+01
-4.403131115459881784e+00	5.999999998858651651e+01
-4.442270058708414737e+00	5.999999998627136932e+01
-4.481409001956945914e+00	5.999999998914614707e+01
-4.520547945205478868e+00	5.999999998819552616e+01
-4.559686888454010045e+00	5.999999998672595325e+01
-4.598825831702542999e+00	5.999999998802312007e+01
-4.637964774951075952e+00	5.999999998740815244e+01
-4.677103718199607130e+00	5.999999998854038097e+01
-4.716242661448140083e+00	5.999999998749997587e+01
-4.755381604696673037e+00	5.999999998962881165e+01
-4.794520547945204214e+00	5.999999998668820922e+01
-4.833659491193737168e+00	5.999999998698444870e+01
-4.872798434442270121e+00	5.999999998617345653e+01
-4.911937377690801299e+00	5.999999998647736277e+01
-4.951076320939334252e+00	5.999999998999512485e+01
-4.990215264187865429e+00	5.999999998736237217e+01
-5.029354207436398383e+00	5.999999999050447030e+01
-5.068493150684931337e+00	5.999999998853547822e+01
-5.107632093933462514e+00	5.999999998911844301e+01
-5.146771037181995467e+00	5.999999998938634604e+01
-5.185909980430526645e+00	5.999999998719274430e+01
-5.225048923679059598e+00	5.999999998814252677e+01
-5.264187866927592552e+00	5.999999998776919341e+01
-5.303326810176123729e+00	5.999999998904609555e+01
-5.342465753424656683e+00	5.999999999103595627e+01
-5.381604696673189636e+00	5.999999998809497015e+01
-5.420743639921720813e+00	5.999999998944661428e+01
-5.459882583170253767e+00	5.999999998911506793e+01
-5.499021526418786721e+00	5.999999998964028691e+01
-5.538160469667317898e+00	5.999999998932989342e+01
-5.577299412915850851e+00	5.999999999020058539e+01
-5.616438356164382029e+00	5.999999998836450033e+01
-5.655577299412914982e+00	5.999999998960578296e+01
-5.694716242661447936e+00	5.999999998811005497e+01
-5.733855185909979113e+00	5.999999998974284665e+01
-5.772994129158512067e+00	5.999999998868032947e+01
-5.812133072407043244e+00	5.999999998976804960e+01
-5.851272015655576197e+00	5.999999999093973457e+01
-5.890410958904109151e+00	5.999999999156626274e+01
-5.929549902152640328e+00	5.999999999113362747e+01
-5.968688845401173282e+00	5.999999998856516470e+01
-6.007827788649706235e+00	5.999999998897045828e+01
-6.046966731898237413e+00	5.999999999076713664e+01
-6.086105675146768590e+00	5.999999998924592859e+01
-6.125244618395303320e+00	5.999999999223950198e+01
-6.164383561643834497e+00	5.999999999175763321e+01
-6.203522504892365674e+00	5.999999998929860823e+01
-6.242661448140900404e+00	5.999999999077039803e+01
-6.281800391389431582e+00	5.999999998926352873e+01
-6.320939334637962759e+00	5.999999999201569523e+01
-6.360078277886497489e+00	5.999999999062794132e+01
-6.399217221135028666e+00	5.999999999273974538e+01
-6.438356164383559843e+00	5.999999999159848585e+01
-6.477495107632094573e+00	5.999999999265207151e+01
-6.516634050880625750e+00	5.999999999275987506e+01
-6.555772994129156928e+00	5.999999999060324285e+01
-6.594911937377688105e+00	5.999999999179743781e+01
-6.634050880626222835e+00	5.999999999113174454e+01
-6.673189823874754012e+00	5.999999999199116729e+01
-6.712328767123285189e+00	5.999999999228970893e+01
-6.751467710371819919e+00	5.999999999086988112e+01
-6.790606653620351096e+00	5.999999999119049221e+01
-6.829745596868882274e+00	5.999999999037628129e+01
-6.868884540117417004e+00	5.999999999025399688e+01
-6.908023483365948181e+00	5.999999999222952596e+01
-6.947162426614479358e+00	5.999999999110290361e+01
-6.986301369863014088e+00	5.999999999153683916e+01
-7.025440313111545265e+00	5.999999999328596090e+01
-7.064579256360076442e+00	5.999999999291223673e+01
-7.103718199608611172e+00	5.999999999218299962e+01
-7.142857142857142350e+00	5.999999999078549706e+01
-7.181996086105673527e+00	5.999999999069544998e+01
-7.221135029354208257e+00	5.999999999323927824e+01
-7.260273972602739434e+00	5.999999999227511438e+01
-7.299412915851270611e+00	5.999999999234490389e+01
-7.338551859099801788e+00	5.999999999269039108e+01
-7.377690802348336518e+00	5.999999999300797526e+01
-7.416829745596867696e+00	5.999999999074424295e+01
-7.455968688845398873e+00	5.999999999094902137e+01
-7.495107632093933603e+00	5.999999999245289928e+01
-7.534246575342464780e+00	5.999999999215361157e+01
-7.573385518590995957e+00	5.999999999288700536e+01
-7.612524461839530687e+00	5.999999999334310274e+01
-7.651663405088061864e+00	5.999999999244207771e+01
-7.690802348336593042e+00	5.999999999312678511e+01
-7.729941291585127772e+00	5.999999999184993982e+01
-7.769080234833658949e+00	5.999999999393179451e+01
-7.808219178082190126e+00	5.999999999277772389e+01
-7.847358121330721303e+00	5.999999999331888745e+01
-7.886497064579256033e+00	5.999999999328623090e+01
-7.925636007827787211e+00	5.999999999376235138e+01
-7.964774951076318388e+00	5.999999999361946834e+01
-8.003913894324853118e+00	5.999999999114211136e+01
-8.043052837573384295e+00	5.999999999169507703e+01
-8.082191780821915472e+00	5.999999999194293565e+01
-8.121330724070450202e+00	5.999999999329294553e+01
-8.160469667318981379e+00	5.999999999121873628e+01
-8.199608610567512557e+00	5.999999999382905003e+01
-8.238747553816047287e+00	5.999999999358774971e+01
-8.277886497064578464e+00	5.999999999300690234e+01
-8.317025440313109641e+00	5.999999999166579556e+01
-8.356164383561644371e+00	5.999999999143377494e+01
-8.395303326810175548e+00	5.999999999416917262e+01
-8.434442270058706725e+00	5.999999999316052879e+01
-8.473581213307241455e+00	5.999999999360336034e+01
-8.512720156555772633e+00	5.999999999428321473e+01
-8.551859099804303810e+00	5.999999999282573526e+01
-8.590998043052834987e+00	5.999999999252922578e+01
-8.630136986301369717e+00	5.999999999235017611e+01
-8.669275929549900894e+00	5.999999999345658352e+01
-8.708414872798432071e+00	5.999999999240652926e+01
-8.747553816046966801e+00	5.999999999293748232e+01
-8.786692759295497979e+00	5.999999999178345433e+01
-8.825831702544029156e+00	5.999999999318382038e+01
-8.864970645792563886e+00	5.999999999386145788e+01
-8.904109589041095063e+00	5.999999999201845213e+01
-8.943248532289626240e+00	5.999999999414193042e+01
-8.982387475538160970e+00	5.999999999281233443e+01
-9.021526418786692147e+00	5.999999999342873025e+01
-9.060665362035223325e+00	5.999999999181655141e+01
-9.099804305283754502e+00	5.999999999174351473e+01
-9.138943248532289232e+00	5.999999999439482679e+01
-9.178082191780820409e+00	5.999999999422259833e+01
-9.217221135029351586e+00	5.999999999432082376e+01
-9.256360078277886316e+00	5.999999999228204928e+01
-9.295499021526417494e+00	5.999999999232088044e+01
-9.334637964774948671e+00	5.999999999315761556e+01
-9.373776908023483401e+00	5.999999999430381337e+01
-9.412915851272014578e+00	5.999999999176301202e+01
-9.452054794520545755e+00	5.999999999188102606e+01
-9.491193737769080485e+00	5.999999999428297315e+01
-9.530332681017611662e+00	5.999999999433718756e+01
-9.569471624266142840e+00	5.999999999352601776e+01
-9.608610567514677570e+00	5.999999999335972944e+01
-9.647749510763208747e+00	5.999999999353784119e+01
-9.686888454011739924e+00	5.999999999391469885e+01
-9.726027397260274654e+00	5.999999999407573625e+01
-9.765166340508805831e+00	5.999999999316317911e+01
-9.804305283757337008e+00	5.999999999320782962e+01
-9.843444227005868186e+00	5.999999999204506196e+01
-9.882583170254402916e+00	5.999999999331920719e+01
-9.921722113502934093e+00	5.999999999293827102e+01
-9.960861056751465270e+00	5.999999999211541990e+01
-1.000000000000000000e+01	5.999999999411893725e+01
