# CheminTotalEnMicrons	Intensite
-1.000000000000000000e+02	1.096554834395369227e+01
-9.980449657869012015e+01	8.986843546969318197e+00
-9.960899315738025450e+01	9.594137319782056750e+00
-9.941348973607037465e+01	1.020150203442464942e+01
-9.921798631476050900e+01	7.930741580099577526e+00
-9.902248289345062915e+01	1.129634720846687479e+01
-9.882697947214076351e+01	9.630220984791060701e+00
-9.863147605083088365e+01	9.353268952096790656e+00
-9.843597262952101801e+01	1.096230416972797705e+01
-9.824046920821113815e+01	9.602549293006493514e+00
-9.804496578690127251e+01	8.483439596702769592e+00
-9.784946236559139265e+01	1.125134859195212833e+01
-9.765395894428152701e+01	9.702989123106984692e+00
-9.745845552297164716e+01	7.837631285341009502e+00
-9.726295210166178151e+01	1.332084486061763506e+01
-9.706744868035190166e+01	8.467391308728883459e+00
-9.687194525904203601e+01	9.854830871699281403e+00
-9.667644183773215616e+01	1.039879993426464821e+01
-9.648093841642229052e+01	1.016698243555610581e+01
-9.628543499511241066e+01	1.073008247304163376e+01
-9.608993157380254502e+01	1.028673745922533733e+01
-9.589442815249266516e+01	9.905582977691759439e+00
-9.569892473118279952e+01	9.725179750481414587e+00
-9.550342130987291966e+01	1.268007652216906500e+01
-9.530791788856305402e+01	8.046999712188537046e+00
-9.511241446725317417e+01	1.274094368400464994e+01
-9.491691104594330852e+01	9.553556673529893573e+00
-9.472140762463342867e+01	9.135679314743955004e+00
-9.452590420332356302e+01	1.029237684919837115e+01
-9.433040078201368317e+01	9.209547766264702062e+00
-9.413489736070381753e+01	9.949723898695070901e+00
-9.393939393939393767e+01	9.978858850786767931e+00
-9.374389051808407203e+01	1.082004046307069522e+01
-9.354838709677419217e+01	7.902705407269514204e+00
-9.335288367546432653e+01	1.266703611571983146e+01
-9.315738025415444667e+01	8.985680937306801397e+00
-9.296187683284458103e+01	9.632115444992281894e+00
-9.276637341153470118e+01	1.110014338804375456e+01
-9.257086999022483553e+01	1.012913867408646773e+01
-9.237536656891495568e+01	1.041099961888901504e+01
-9.217986314760509003e+01	9.386718885770450882e+00
-9.198435972629521018e+01	1.030509711947751583e+01
-9.178885630498533033e+01	8.929069233012464579e+00
-9.159335288367546468e+01	1.113855794618255857e+01
-9.139784946236559904e+01	7.996881796579946133e+00
-9.120234604105571918e+01	1.119312227607866816e+01
-9.100684261974583933e+01	8.869266355872682084e+00
-9.081133919843597369e+01	1.139698380282701784e+01
-9.061583577712610804e+01	9.783959167358833753e+00
-9.042033235581622819e+01	1.019956200844567995e+01
-9.022482893450634833e+01	1.000657613273279445e+01
-9.002932551319648269e+01	8.775470318916314127e+00
-8.983382209188660283e+01	1.041066769841222950e+01
-8.963831867057673719e+01	8.697355212435564198e+00
-8.944281524926685734e+01	9.702272488814676521e+00
-8.924731182795699169e+01	9.499747385362169894e+00
-8.905180840664711184e+01	1.157771220962881209e+01
-8.885630498533724619e+01	9.341720929353172664e+00
-8.866080156402736634e+01	1.086822609658770311e+01
-8.846529814271750070e+01	1.005201277887202238e+01
-8.826979472140762084e+01	7.733434779402998061e+00
-8.807429130009775520e+01	1.199961961215601569e+01
-8.787878787878787534e+01	8.621804528549020574e+00
-8.768328445747800970e+01	9.372239405016491887e+00
-8.748778103616812984e+01	1.055299235786007728e+01
-8.729227761485826420e+01	1.153463777135937995e+01
-8.709677419354838435e+01	8.915344854831079857e+00
-8.690127077223851870e+01	1.111081450337283627e+01
-8.670576735092863885e+01	9.296899411213832565e+00
-8.651026392961877320e+01	8.726824503611920747e+00
-8.631476050830889335e+01	1.199484919868759114e+01
-8.611925708699902771e+01	9.139103417021084752e+00
-8.592375366568914785e+01	9.983425112447187999e+00
-8.572825024437928221e+01	1.066989614431114930e+01
-8.553274682306940235e+01	1.002217380848102302e+01
-8.533724340175953671e+01	9.898846139603097782e+00
-8.514173998044965685e+01	1.108063921651056205e+01
-8.494623655913979121e+01	9.247894165211430817e+00
-8.475073313782991136e+01	1.087856842028575599e+01
-8.455522971652004571e+01	1.117682831333715754e+01
-8.435972629521016586e+01	7.499468024522104592e+00
-8.416422287390028600e+01	1.099126562702642573e+01
-8.396871945259042036e+01	9.788278329444592529e+00
-8.377321603128055472e+01	9.517020153420192585e+00
-8.357771260997067486e+01	1.003542334039843986e+01
-8.338220918866079501e+01	9.592443962060428930e+00
-8.318670576735092936e+01	9.042708397593749226e+00
-8.299120234604106372e+01	1.165544982698472332e+01
-8.279569892473118387e+01	1.055354114965026291e+01
-8.260019550342130401e+01	8.781971021430592828e+00
-8.240469208211143837e+01	1.141679213814008875e+01
-8.220918866080157272e+01	8.500860564680751352e+00
-8.201368523949169287e+01	1.095915449176878909e+01
-8.181818181818181301e+01	9.890229810114581355e+00
-8.162267839687194737e+01	9.873959784149596075e+00
-8.142717497556208173e+01	1.056032635427527389e+01
-8.123167155425220187e+01	1.002829669796022394e+01
-8.103616813294232202e+01	9.519138431811118295e+00
-8.084066471163245637e+01	9.318652464973331107e+00
-8.064516129032257652e+01	9.642174793627397378e+00
-8.044965786901271088e+01	9.035706240882838358e+00
-8.025415444770283102e+01	1.099112963726545722e+01
-8.005865102639296538e+01	8.324979129024384861e+00
-7.986314760508308552e+01	1.087075896101095296e+01
-7.966764418377321988e+01	8.762596291105841928e+00
-7.947214076246334002e+01	1.077554442457253181e+01
-7.927663734115347438e+01	1.023135712029093547e+01
-7.908113391984359453e+01	9.755020898921991090e+00
-7.888563049853372888e+01	9.938213275543091640e+00
-7.869012707722384903e+01	1.038176534979851340e+01
-7.849462365591398338e+01	9.616471418659125803e+00
-7.829912023460410353e+01	8.853773092242844811e+00
-7.810361681329423789e+01	1.283530423707144230e+01
-7.790811339198435803e+01	7.381848197455700422e+00
-7.771260997067449239e+01	1.079787417082597933e+01
-7.751710654936461253e+01	1.126567829458825543e+01
-7.732160312805474689e+01	9.248167445230533801e+00
-7.712609970674486704e+01	1.140482003148496837e+01
-7.693059628543500139e+01	9.457119064344874815e+00
-7.673509286412512154e+01	9.418559151930786300e+00
-7.653958944281524168e+01	1.003939107865165603e+01
-7.634408602150537604e+01	1.142175204767067598e+01
-7.614858260019551039e+01	8.376625455650332341e+00
-7.595307917888563054e+01	1.240563704517692756e+01
-7.575757575757575069e+01	9.703603637700954465e+00
-7.556207233626588504e+01	9.179770649653908876e+00
-7.536656891495601940e+01	1.187610879562922683e+01
-7.517106549364613954e+01	9.733005190991416811e+00
-7.497556207233625969e+01	1.014680503420889224e+01
-7.478005865102639405e+01	9.826481673705647069e+00
-7.458455522971652840e+01	1.035648242899252125e+01
-7.438905180840664855e+01	8.095210540504346852e+00
-7.419354838709676869e+01	1.206653953475074381e+01
-7.399804496578690305e+01	8.159454276129816108e+00
-7.380254154447703741e+01	1.037807521436461755e+01
-7.360703812316715755e+01	1.057372922321365039e+01
-7.341153470185727770e+01	8.258826149726623100e+00
-7.321603128054741205e+01	1.084675558449171717e+01
-7.302052785923754641e+01	9.379018653621111312e+00
-7.282502443792766655e+01	1.014001090924959669e+01
-7.262952101661778670e+01	9.072113520425634903e+00
-7.243401759530792106e+01	9.951840434496029175e+00
-7.223851417399804120e+01	8.205277202664099434e+00
-7.204301075268817556e+01	1.073844561483286064e+01
-7.184750733137829570e+01	9.227107490620877428e+00
-7.165200391006843006e+01	1.117551179723575672e+01
-7.145650048875855020e+01	1.096302304867606736e+01
-7.126099706744868456e+01	9.964936394580794499e+00
-7.106549364613880471e+01	1.115503807570781447e+01
-7.086999022482893906e+01	8.688101486872907842e+00
-7.067448680351905921e+01	1.200845722883961564e+01
-7.047898338220919356e+01	1.046299948003262159e+01
-7.028347996089931371e+01	9.492035473113844546e+00
-7.008797653958944807e+01	9.406059325581415109e+00
-6.989247311827956821e+01	1.027431526088463798e+01
-6.969696969696970257e+01	8.909879677813755450e+00
-6.950146627565982271e+01	1.034857760419048134e+01
-6.930596285434995707e+01	1.174932205902874216e+01
-6.911045943304007722e+01	7.892735542432939511e+00
-6.891495601173021157e+01	1.215658440398267537e+01
-6.871945259042033172e+01	9.537359549042681905e+00
-6.852394916911046607e+01	9.988576027005631630e+00
-6.832844574780058622e+01	9.808260394289515460e+00
-6.813294232649070636e+01	9.318380080922757713e+00
-6.793743890518084072e+01	9.468600332128005448e+00
-6.774193548387097508e+01	1.180478586777130978e+01
-6.754643206256109522e+01	1.049860858775770112e+01
-6.735092864125121537e+01	8.986949026093610016e+00
-6.715542521994134972e+01	1.107713673268875176e+01
-6.695992179863148408e+01	7.132912506586976953e+00
-6.676441837732160423e+01	1.065957959473997541e+01
-6.656891495601172437e+01	1.001284080009392774e+01
-6.637341153470185873e+01	9.847514053378073839e+00
-6.617790811339199308e+01	9.694702845371907074e+00
-6.598240469208211323e+01	9.584924394932214042e+00
-6.578690127077223337e+01	9.007173764470842059e+00
-6.559139784946236773e+01	1.060959577283960442e+01
-6.539589442815250209e+01	1.007663162947272717e+01
-6.520039100684262223e+01	8.203720924889093880e+00
-6.500488758553274238e+01	1.145231638543734221e+01
-6.480938416422287673e+01	8.898625442695944798e+00
-6.461388074291301109e+01	1.042081891034279550e+01
-6.441837732160313124e+01	1.125995227863938375e+01
-6.422287390029325138e+01	9.067569050647078299e+00
-6.402737047898338574e+01	1.084953267380691777e+01
-6.383186705767351299e+01	1.108079316476686849e+01
-6.363636363636364024e+01	9.884415290836713552e+00
-6.344086021505376749e+01	8.814161328762455838e+00
-6.324535679374389474e+01	1.025492476924766017e+01
-6.304985337243402199e+01	8.973837463142649185e+00
-6.285434995112414924e+01	1.118364102209787703e+01
-6.265884652981427649e+01	1.018294912041677236e+01
-6.246334310850440374e+01	9.576323644977954075e+00
-6.226783968719452389e+01	1.018227255230147854e+01
-6.207233626588465114e+01	9.273230154693777649e+00
-6.187683284457477839e+01	1.159226500810162719e+01
-6.168132942326490564e+01	8.595000136649835198e+00
-6.148582600195503289e+01	1.026331641803061601e+01
-6.129032258064516014e+01	9.749650533732440394e+00
-6.109481915933528740e+01	1.024985118293573549e+01
-6.089931573802541465e+01	9.409694896835475220e+00
-6.070381231671554190e+01	1.088614218742621631e+01
-6.050830889540566915e+01	8.873146195457229268e+00
-6.031280547409579640e+01	9.818191526527446200e+00
-6.011730205278592365e+01	1.016399280240537628e+01
-5.992179863147605090e+01	8.057936037101052662e+00
-5.972629521016617815e+01	1.148765858824051023e+01
-5.953079178885630540e+01	9.991242668072615629e+00
-5.933528836754643265e+01	9.144755276327970250e+00
-5.913978494623655990e+01	9.371100932748321455e+00
-5.894428152492668715e+01	1.187190472338002678e+01
-5.874877810361681441e+01	8.015195627451557669e+00
-5.855327468230694166e+01	1.025451593150710039e+01
-5.835777126099706891e+01	1.124633867336577886e+01
-5.816226783968719616e+01	8.702301282730680043e+00
-5.796676441837732341e+01	1.176617510294810209e+01
-5.777126099706745066e+01	8.586999127132873610e+00
-5.757575757575757791e+01	9.378154548193286644e+00
-5.738025415444770516e+01	9.400347809859061599e+00
-5.718475073313783241e+01	9.925420082770143537e+00
-5.698924731182795966e+01	9.451102773450744010e+00
-5.679374389051808691e+01	1.158306957254673719e+01
-5.659824046920821417e+01	8.715204394483423656e+00
-5.640273704789834142e+01	9.399863678070047968e+00
-5.620723362658846867e+01	1.140278267178410765e+01
-5.601173020527859592e+01	8.124371734833863101e+00
-5.581622678396872317e+01	1.019815430168605630e+01
-5.562072336265885042e+01	9.284026210580002214e+00
-5.542521994134897767e+01	1.023250867354416194e+01
-5.522971652003910492e+01	9.421350368844411349e+00
-5.503421309872923217e+01	1.064993439061889369e+01
-5.483870967741935942e+01	8.936746009616776121e+00
-5.464320625610948667e+01	1.043555329944746468e+01
-5.444770283479961392e+01	1.031273293083775577e+01
-5.425219941348974118e+01	8.203919481560443927e+00
-5.405669599217986132e+01	1.033060278887590400e+01
-5.386119257086998857e+01	9.409099609471439862e+00
-5.366568914956011582e+01	1.089199407517971530e+01
-5.347018572825024307e+01	9.224273682614342107e+00
-5.327468230694037032e+01	1.073996449790377206e+01
-5.307917888563049758e+01	1.021145829505261204e+01
-5.288367546432062483e+01	1.031406778732794649e+01
-5.268817204301075208e+01	9.305005131864202639e+00
-5.249266862170087933e+01	9.934124277601560138e+00
-5.229716520039100658e+01	1.007570402232159879e+01
-5.210166177908113383e+01	8.905325624924570249e+00
-5.190615835777126108e+01	1.077249374720478059e+01
-5.171065493646138833e+01	8.188100198089026449e+00
-5.151515151515151558e+01	1.165569329904861284e+01
-5.131964809384164283e+01	9.182077995907727441e+00
-5.112414467253177008e+01	9.623733503367896347e+00
-5.092864125122189733e+01	1.069888262340597684e+01
-5.073313782991202459e+01	1.050376958765277813e+01
-5.053763440860215184e+01	1.011740695414385272e+01
-5.034213098729227909e+01	9.206047337232515559e+00
-5.014662756598240634e+01	9.938333308482292239e+00
-4.995112414467253359e+01	8.911933753892808951e+00
-4.975562072336266084e+01	1.095023121514145892e+01
-4.956011730205278809e+01	9.214890040427700768e+00
-4.936461388074291534e+01	1.028079991481194178e+01
-4.916911045943304259e+01	9.935582791794844937e+00
-4.897360703812316984e+01	9.088250472795373014e+00
-4.877810361681329709e+01	1.064577784205167532e+01
-4.858260019550342435e+01	1.074093792158620175e+01
-4.838709677419355160e+01	8.875145963141138239e+00
-4.819159335288367885e+01	9.673513945960701577e+00
-4.799608993157380610e+01	1.105634127808164102e+01
-4.780058651026393335e+01	7.697170155032043937e+00
-4.760508308895406060e+01	1.065769292702680282e+01
-4.740957966764418785e+01	1.067918852115932182e+01
-4.721407624633431510e+01	9.712584548504171522e+00
-4.701857282502444235e+01	1.221639346999476317e+01
-4.682306940371456960e+01	8.858736957157717029e+00
-4.662756598240469685e+01	1.038226089642830630e+01
-4.643206256109482410e+01	1.084166927647835443e+01
-4.623655913978495136e+01	1.065994987279048978e+01
-4.604105571847507861e+01	8.539490944848713738e+00
-4.584555229716520586e+01	1.300325573512562727e+01
-4.565004887585532600e+01	8.733723776203229150e+00
-4.545454545454545325e+01	9.938349105604139311e+00
-4.525904203323558050e+01	1.084296347060171506e+01
-4.506353861192570776e+01	8.647055389798286029e+00
-4.486803519061583501e+01	1.055709347745885829e+01
-4.467253176930596226e+01	9.095179662694430789e+00
-4.447702834799608951e+01	9.738360060131329377e+00
-4.428152492668621676e+01	8.779125606031563223e+00
-4.408602150537634401e+01	1.152659033747991302e+01
-4.389051808406647126e+01	9.155679337747988811e+00
-4.369501466275659851e+01	1.147675505360408188e+01
-4.349951124144672576e+01	8.958153973188553110e+00
-4.330400782013685301e+01	8.920230849502985393e+00
-4.310850439882698026e+01	1.099544623048034708e+01
-4.291300097751710751e+01	9.238307821859372382e+00
-4.271749755620723477e+01	1.203631563292434237e+01
-4.252199413489736202e+01	9.821057906934990811e+00
-4.232649071358748927e+01	1.060042335301893246e+01
-4.213098729227761652e+01	8.884282024989241577e+00
-4.193548387096774377e+01	1.014248886624181800e+01
-4.173998044965787102e+01	9.158441951859760621e+00
-4.154447702834799827e+01	1.009338946949348781e+01
-4.134897360703812552e+01	9.582659560675169885e+00
-4.115347018572825277e+01	9.148437715326378949e+00
-4.095796676441838002e+01	1.030468869955140754e+01
-4.076246334310850727e+01	8.824370751587744977e+00
-4.056695992179863453e+01	1.174976648701984416e+01
-4.037145650048876178e+01	9.867334567904075371e+00
-4.017595307917888903e+01	1.024939737119397165e+01
-3.998044965786901628e+01	9.965633744752389944e+00
-3.978494623655914353e+01	1.100758190525163016e+01
-3.958944281524927078e+01	9.082340914551668476e+00
-3.939393939393939803e+01	1.115775547462573414e+01
-3.919843597262952528e+01	1.121450498762168202e+01
-3.900293255131965253e+01	9.089541769960682416e+00
-3.880742913000977978e+01	1.314429383237187210e+01
-3.861192570869990703e+01	8.287415650391643851e+00
-3.841642228739003428e+01	1.075449523647812811e+01
-3.822091886608016154e+01	9.601280460163854613e+00
-3.802541544477028879e+01	1.006461044087814294e+01
-3.782991202346041604e+01	8.777346383492790949e+00
-3.763440860215054329e+01	1.034315173048565661e+01
-3.743890518084066343e+01	8.815561726550162902e+00
-3.724340175953079068e+01	9.257346556763296874e+00
-3.704789833822091794e+01	1.142669001772409487e+01
-3.685239491691104519e+01	8.438824539795392710e+00
-3.665689149560117244e+01	1.116173946874225642e+01
-3.646138807429129969e+01	9.613861708610167867e+00
-3.626588465298142694e+01	9.688280847279239438e+00
-3.607038123167155419e+01	1.080629907782138410e+01
-3.587487781036168144e+01	1.065126996094831924e+01
-3.567937438905181580e+01	8.965166608993937913e+00
-3.548387096774193594e+01	9.420156470788818126e+00
-3.528836754643207030e+01	9.610605060452087400e+00
-3.509286412512219044e+01	9.061461089481202436e+00
-3.489736070381232480e+01	1.226788973354001122e+01
-3.470185728250244495e+01	8.956671874399185995e+00
-3.450635386119257930e+01	1.053513164179559247e+01
-3.431085043988269945e+01	1.027429295167926604e+01
-3.411534701857283380e+01	1.063332625348473037e+01
-3.391984359726295395e+01	1.081391256785356525e+01
-3.372434017595308831e+01	1.061158209414122133e+01
-3.352883675464320845e+01	1.130335163263649001e+01
-3.333333333333334281e+01	9.855991713927805264e+00
-3.313782991202346295e+01	1.011207985948025367e+01
-3.294232649071358310e+01	9.237235876639299903e+00
-3.274682306940371745e+01	1.041651632817451123e+01
-3.255131964809383760e+01	9.190577578870891884e+00
-3.235581622678397196e+01	1.163962313548055683e+01
-3.216031280547409210e+01	1.075813148017392429e+01
-3.196480938416422646e+01	8.348668342486172733e+00
-3.176930596285434660e+01	1.014710187694830879e+01
-3.157380254154448096e+01	8.767588699073947112e+00
-3.137829912023460111e+01	1.120304448835131517e+01
-3.118279569892473546e+01	9.274414156047425806e+00
-3.098729227761485561e+01	1.066149449744441746e+01
-3.079178885630498996e+01	9.518072809139885848e+00
-3.059628543499511011e+01	1.165455575824569046e+01
-3.040078201368524446e+01	9.232053701983096161e+00
-3.020527859237536461e+01	9.240231417165130523e+00
-3.000977517106549897e+01	1.021070677758037704e+01
-2.981427174975561911e+01	7.650185025446575970e+00
-2.961876832844575347e+01	1.198463822261280676e+01
-2.942326490713587361e+01	1.009754588000372344e+01
-2.922776148582600797e+01	9.397555743208380719e+00
-2.903225806451612812e+01	8.990912522427313647e+00
-2.883675464320626247e+01	1.166362486485183325e+01
-2.864125122189638262e+01	9.073935990460705980e+00
-2.844574780058651697e+01	1.222944079105120530e+01
-2.825024437927663712e+01	9.817747785071421873e+00
-2.805474095796677148e+01	8.012343686551016475e+00
-2.785923753665689162e+01	1.189111782688465624e+01
-2.766373411534702598e+01	9.116030593608686061e+00
-2.746823069403714612e+01	1.093777844337548366e+01
-2.727272727272728048e+01	9.302526327558773289e+00
-2.707722385141740062e+01	1.066459561378486320e+01
-2.688172043010753498e+01	8.495534105201947739e+00
-2.668621700879765513e+01	1.128385374975703925e+01
-2.649071358748778948e+01	9.362905358037542314e+00
-2.629521016617790963e+01	9.203686815450824454e+00
-2.609970674486804398e+01	1.217828692569425009e+01
-2.590420332355816413e+01	7.799783815328606096e+00
-2.570869990224829849e+01	1.104364483470332736e+01
-2.551319648093841863e+01	1.015558226026934641e+01
-2.531769305962855299e+01	1.041397372361812401e+01
-2.512218963831867313e+01	9.191316348146520099e+00
-2.492668621700880749e+01	9.973472181469482223e+00
-2.473118279569892763e+01	9.588198260955724805e+00
-2.453567937438904778e+01	9.383819137530776899e+00
-2.434017595307918214e+01	1.080982991787633374e+01
-2.414467253176930228e+01	8.713056868644448727e+00
-2.394916911045943664e+01	1.086806102881915770e+01
-2.375366568914955678e+01	9.247553144381090107e+00
-2.355816226783969114e+01	1.094097101274316408e+01
-2.336265884652981129e+01	8.903123992448334079e+00
-2.316715542521994564e+01	1.084786577019400156e+01
-2.297165200391006579e+01	9.598710293493532220e+00
-2.277614858260020014e+01	1.049977610379530546e+01
-2.258064516129032029e+01	1.032515951024109668e+01
-2.238514173998045464e+01	9.652098007015883496e+00
-2.218963831867057479e+01	1.068165563859105482e+01
-2.199413489736070915e+01	9.681328426529253406e+00
-2.179863147605082929e+01	1.104326186248163744e+01
-2.160312805474096365e+01	7.419378733013268779e+00
-2.140762463343108379e+01	1.149937738937174636e+01
-2.121212121212121815e+01	1.017153611444437011e+01
-2.101661779081133830e+01	9.668079612926359090e+00
-2.082111436950147265e+01	1.014148251153947200e+01
-2.062561094819159280e+01	9.303592637926520581e+00
-2.043010752688172715e+01	9.870346208655920606e+00
-2.023460410557184730e+01	9.969841624973552641e+00
-2.003910068426198166e+01	1.096889166642590219e+01
-1.984359726295210180e+01	8.476314359317855818e+00
-1.964809384164223616e+01	1.222800689853650447e+01
-1.945259042033235630e+01	8.084370606820874272e+00
-1.925708699902249066e+01	9.882621429092182552e+00
-1.906158357771261080e+01	1.091905869240669347e+01
-1.886608015640274516e+01	9.210581141069081212e+00
-1.867057673509286531e+01	9.749472361145100407e+00
-1.847507331378299966e+01	9.152561352520987015e+00
-1.827956989247311981e+01	9.203215698837251324e+00
-1.808406647116325416e+01	9.388543724025577575e+00
-1.788856304985337431e+01	1.110019583964214718e+01
-1.769305962854350867e+01	7.929318619879373919e+00
-1.749755620723362881e+01	1.226008238350528856e+01
-1.730205278592376317e+01	8.588794045733443738e+00
-1.710654936461388331e+01	8.864182011541327455e+00
-1.691104594330401767e+01	1.154701194021880362e+01
-1.671554252199413781e+01	9.427904218183925877e+00
-1.652003910068425796e+01	1.018167203181345570e+01
-1.632453567937439232e+01	1.052457961609330184e+01
-1.612903225806451246e+01	9.752136392181245839e+00
-1.593352883675464682e+01	8.893173235185154013e+00
-1.573802541544476696e+01	1.215463779459440907e+01
-1.554252199413490132e+01	8.603969908022069291e+00
-1.534701857282502147e+01	1.003117066473378571e+01
-1.515151515151515582e+01	1.056737159081522393e+01
-1.495601173020527597e+01	9.469758780880008331e+00
-1.476050830889541032e+01	1.017141745694141086e+01
-1.456500488758553047e+01	9.265675209704747672e+00
-1.436950146627566482e+01	1.147070481337340908e+01
-1.417399804496578497e+01	9.733472792084279845e+00
-1.397849462365591933e+01	1.075426849832082077e+01
-1.378299120234603947e+01	8.470513994851732065e+00
-1.358748778103617383e+01	1.047802374445949525e+01
-1.339198435972629397e+01	9.270790879925669969e+00
-1.319648093841642833e+01	9.622248889899275071e+00
-1.300097751710654848e+01	1.042502488422963047e+01
-1.280547409579668283e+01	8.336088554138571638e+00
-1.260997067448680298e+01	1.111161588113282939e+01
-1.241446725317693733e+01	8.001990604325969869e+00
-1.221896383186705748e+01	1.126462447758635221e+01
-1.202346041055719184e+01	9.387776791835925394e+00
-1.182795698924731198e+01	1.061174319825970436e+01
-1.163245356793744634e+01	1.052103818811410285e+01
-1.143695014662756648e+01	1.156312978606143460e+01
-1.124144672531770084e+01	8.701054583799702868e+00
-1.104594330400782098e+01	9.207000900404914034e+00
-1.085043988269795534e+01	1.189447364585962497e+01
-1.065493646138807549e+01	7.937674601879741942e+00
-1.045943304007820984e+01	1.094066833070036182e+01
-1.026392961876832999e+01	9.985173463242624337e+00
-1.006842619745846434e+01	1.048067598696738401e+01
-9.872922776148584489e+00	1.133092033977678526e+01
-9.677419354838718846e+00	9.110662437385617096e+00
-9.481915933528838991e+00	8.832669514525164800e+00
-9.286412512218973347e+00	1.093411904451685501e+01
-9.090909090909093493e+00	9.203590236998287821e+00
-8.895405669599227849e+00	7.919551540447280935e+00
-8.699902248289347995e+00	1.103940853677030454e+01
-8.504398826979482351e+00	7.653819921366579848e+00
-8.308895405669602496e+00	1.079936297246416643e+01
-8.113391984359722642e+00	1.079266623459727015e+01
-7.917888563049856998e+00	9.714210569582530042e+00
-7.722385141739977144e+00	1.080929632336696145e+01
-7.526881720430111500e+00	1.104585000272190776e+01
-7.331378299120231645e+00	9.518529651593606644e+00
-7.135874877810366002e+00	9.821550385856070875e+00
-6.940371456500486147e+00	1.188172619906158012e+01
-6.744868035190620503e+00	8.594228823590547961e+00
-6.549364613880740649e+00	1.218100858530483777e+01
-6.353861192570875005e+00	9.727032276943212707e+00
-6.158357771260995150e+00	9.384740123190425720e+00
-5.962854349951129507e+00	1.068346274956047814e+01
-5.767350928641249652e+00	1.081150127958949447e+01
-5.571847507331384008e+00	1.047038874901699934e+01
-5.376344086021504154e+00	9.776421780845288012e+00
-5.180840664711638510e+00	1.057920806003907543e+01
-4.985337243401758656e+00	9.703469276760717577e+00
-4.789833822091893012e+00	1.101201881371375357e+01
-4.594330400782013157e+00	8.197982254745417308e+00
-4.398826979472147514e+00	1.226418022249736239e+01
-4.203323558162267659e+00	8.420365389296453174e+00
-4.007820136852402015e+00	1.078701918957301409e+01
-3.812316715542522161e+00	1.127534925286883194e+01
-3.616813294232656517e+00	9.564350929960783176e+00
-3.421309872922776663e+00	1.003205414951138508e+01
-3.225806451612911019e+00	8.903467338225558692e+00
-3.030303030303031164e+00	1.064465735629571519e+01
-2.834799608993165521e+00	1.012273770158732411e+01
-2.639296187683285666e+00	1.152234726848911883e+01
-2.443792766373420022e+00	9.312107083346795378e+00
-2.248289345063540168e+00	1.075244761545063632e+01
-2.052785923753674524e+00	8.377683737076356607e+00
-1.857282502443794669e+00	9.436999508641905621e+00
-1.661779081133929026e+00	1.083317287614975299e+01
-1.466275659824049171e+00	7.852651101142174461e+00
-1.270772238514183528e+00	1.018244385924608331e+01
-1.075268817204303673e+00	9.895516062434772664e+00
-8.797653958944380292e-01	1.047064709026868456e+01
-6.842619745845581747e-01	8.923528786719410633e+00
-4.887585532746925310e-01	1.096482243076825469e+01
-2.932551319648126764e-01	7.943781735433983471e+00
-9.775171065494703271e-02	1.141380822824173968e+01
9.775171065493282185e-02	1.100568252840503369e+01
2.932551319648126764e-01	8.051852941007263453e+00
4.887585532746783201e-01	1.230195851544648455e+01
6.842619745845581747e-01	9.934963420740920981e+00
8.797653958944238184e-01	9.469960188795742084e+00
1.075268817204303673e+00	1.037132401277295202e+01
1.270772238514169317e+00	9.986827255182106455e+00
1.466275659824049171e+00	8.791247307219178353e+00
1.661779081133914815e+00	1.233704266839714059e+01
1.857282502443794669e+00	9.898763948463471962e+00
2.052785923753660313e+00	9.453481334053080332e+00
2.248289345063540168e+00	1.075141082652386615e+01
2.443792766373405811e+00	9.077464112045863232e+00
2.639296187683285666e+00	1.040610887271718710e+01
2.834799608993151310e+00	1.050770566543116935e+01
3.030303030303031164e+00	1.105635123786075624e+01
3.225806451612896808e+00	1.002058000296821838e+01
3.421309872922776663e+00	9.942963263675109076e+00
3.616813294232642306e+00	8.432425361219189952e+00
3.812316715542522161e+00	9.623897445822716890e+00
4.007820136852387805e+00	1.086934926355977993e+01
4.203323558162267659e+00	9.587336410578657819e+00
4.398826979472133303e+00	1.143335280193471526e+01
4.594330400782013157e+00	8.455663118682709367e+00
4.789833822091878801e+00	1.159147745801650942e+01
4.985337243401758656e+00	8.391855890138891994e+00
5.180840664711624299e+00	9.703967991673071225e+00
5.376344086021504154e+00	1.028480834857030679e+01
5.571847507331369798e+00	1.010985013157590195e+01
5.767350928641249652e+00	9.548448174402762945e+00
5.962854349951115296e+00	9.593352550218385844e+00
6.158357771260995150e+00	1.007230516844840906e+01
6.353861192570860794e+00	8.879339782807516457e+00
6.549364613880740649e+00	1.228385368701364655e+01
6.744868035190606292e+00	7.920780628703615989e+00
6.940371456500486147e+00	1.085712232098926400e+01
7.135874877810351791e+00	9.838150755922118407e+00
7.331378299120231645e+00	9.152723296100784722e+00
7.526881720430097289e+00	1.020592571905158508e+01
7.722385141739977144e+00	1.004457635645544933e+01
7.917888563049842787e+00	9.333750436341128776e+00
8.113391984359722642e+00	9.758014398153919799e+00
8.308895405669588285e+00	1.170038523548259768e+01
8.504398826979468140e+00	8.310089778356505974e+00
8.699902248289347995e+00	1.272696016725362966e+01
8.895405669599213638e+00	9.432480459040638365e+00
9.090909090909093493e+00	9.139519606507770177e+00
9.286412512218959137e+00	1.095812368180411411e+01
9.481915933528838991e+00	9.970839888633161507e+00
9.677419354838704635e+00	1.016030435508601748e+01
9.872922776148584489e+00	1.146227194448524145e+01
1.006842619745845013e+01	9.275631847662454632e+00
1.026392961876832999e+01	8.484010211086207676e+00
1.045943304007819563e+01	1.268344937492395630e+01
1.065493646138807549e+01	7.717668754684738452e+00
1.085043988269794113e+01	1.027998849023293459e+01
1.104594330400782098e+01	1.106202061864287600e+01
1.124144672531768663e+01	8.246997150302542323e+00
1.143695014662756648e+01	1.166784363709944650e+01
1.163245356793743213e+01	9.584218116430987422e+00
1.182795698924731198e+01	9.259484184266636220e+00
1.202346041055717762e+01	9.202973800817709105e+00
1.221896383186705748e+01	1.034556858681645153e+01
1.241446725317692312e+01	7.735557526783849447e+00
1.260997067448680298e+01	1.091853262543176228e+01
1.280547409579666862e+01	8.251235803622300580e+00
1.300097751710654848e+01	9.665796182114204882e+00
1.319648093841641412e+01	1.015048294744441115e+01
1.339198435972629397e+01	9.029645294556546631e+00
1.358748778103615962e+01	1.084818861682547997e+01
1.378299120234603947e+01	9.013898280725721079e+00
1.397849462365590512e+01	9.872299686814454134e+00
1.417399804496578497e+01	8.841000934646736198e+00
1.436950146627565061e+01	1.084957486619278733e+01
1.456500488758553047e+01	8.816010597457399456e+00
1.476050830889539611e+01	1.163974222949164883e+01
1.495601173020527597e+01	9.834454058745780713e+00
1.515151515151514161e+01	9.402964100860041086e+00
1.534701857282502147e+01	1.017003473475190667e+01
1.554252199413488711e+01	8.842630092530502139e+00
1.573802541544476696e+01	1.235772405305084831e+01
1.593352883675463261e+01	9.756308855911470346e+00
1.612903225806451246e+01	9.653548864326056744e+00
1.632453567937437811e+01	1.075928695059962692e+01
1.652003910068425796e+01	1.016803786374808283e+01
1.671554252199412360e+01	9.317921483370845692e+00
1.691104594330400346e+01	1.144996429933981297e+01
1.710654936461388331e+01	8.967150952950364129e+00
1.730205278592374896e+01	9.610082472337442283e+00
1.749755620723362881e+01	1.207674517756892563e+01
1.769305962854349445e+01	8.555673365497007410e+00
1.788856304985337431e+01	1.078665746408393211e+01
1.808406647116323995e+01	1.041340870084097503e+01
1.827956989247311981e+01	8.698364407493833994e+00
1.847507331378298545e+01	1.086716794479675663e+01
1.867057673509286531e+01	1.170026590783438181e+01
1.886608015640273095e+01	8.663597094945888699e+00
1.906158357771261080e+01	9.719402217468594785e+00
1.925708699902247645e+01	1.124905711865616276e+01
1.945259042033235630e+01	8.288029007161352268e+00
1.964809384164222195e+01	1.156345057454596059e+01
1.984359726295210180e+01	8.630916047180887674e+00
2.003910068426196744e+01	9.800459050277904538e+00
2.023460410557184730e+01	9.889350138887991193e+00
2.043010752688171294e+01	1.041693173090084024e+01
2.062561094819159280e+01	9.615138000348212088e+00
2.082111436950145844e+01	1.135258657606238941e+01
2.101661779081133830e+01	9.998731294873525854e+00
2.121212121212120394e+01	1.010107559264990229e+01
2.140762463343108379e+01	1.189470368480034423e+01
2.160312805474094944e+01	7.578662549514516122e+00
2.179863147605082929e+01	1.035422204083879549e+01
2.199413489736069494e+01	1.003619871879162595e+01
2.218963831867057479e+01	9.354122637931423512e+00
2.238514173998044043e+01	1.074556513271606484e+01
2.258064516129032029e+01	9.196178703073586647e+00
2.277614858260018593e+01	9.166229781145366573e+00
2.297165200391006579e+01	9.691587197088948002e+00
2.316715542521993143e+01	1.110153960419731156e+01
2.336265884652981129e+01	9.298680685969877402e+00
2.355816226783967693e+01	1.102874780571507962e+01
2.375366568914955678e+01	8.010211765170513587e+00
2.394916911045942243e+01	1.076303194745649350e+01
2.414467253176930228e+01	9.062059323464362492e+00
2.434017595307916793e+01	9.177716750725499750e+00
2.453567937438904778e+01	1.115727652856588570e+01
2.473118279569891342e+01	1.013648027898600645e+01
2.492668621700879328e+01	1.056959303903293801e+01
2.512218963831867313e+01	8.862441890724589655e+00
2.531769305962853878e+01	1.117470326999791119e+01
2.551319648093841863e+01	9.223215700246823801e+00
2.570869990224828427e+01	1.048993253758203892e+01
2.590420332355816413e+01	7.779098409388913282e+00
2.609970674486802977e+01	1.142620767656785219e+01
2.629521016617790963e+01	1.076475384819514503e+01
2.649071358748777527e+01	8.537028607754169940e+00
2.668621700879765513e+01	1.179504973083592567e+01
2.688172043010752077e+01	9.067813737603048097e+00
2.707722385141740062e+01	1.102950482904142326e+01
2.727272727272726627e+01	1.046619049006833713e+01
2.746823069403714612e+01	9.677937956263944486e+00
2.766373411534701177e+01	8.277224003567928534e+00
2.785923753665689162e+01	1.104743944855338889e+01
2.805474095796677148e+01	8.041457526520082055e+00
2.825024437927663712e+01	1.087720059288314722e+01
2.844574780058650276e+01	1.049547238570950114e+01
2.864125122189636841e+01	8.448472367019727258e+00
2.883675464320626247e+01	1.217159086817413716e+01
2.903225806451612812e+01	1.056010609521209531e+01
2.922776148582599376e+01	1.003502808913864008e+01
2.942326490713585940e+01	1.038955157740172375e+01
2.961876832844575347e+01	1.230767767959839709e+01
2.981427174975561911e+01	7.680998646228919036e+00
3.000977517106548476e+01	1.124158936654283458e+01
3.020527859237535040e+01	9.819963842842978963e+00
3.040078201368524446e+01	7.820001865856148093e+00
3.059628543499511011e+01	1.118582136550833539e+01
3.079178885630497575e+01	8.010939059001715989e+00
3.098729227761484140e+01	9.321364027198926649e+00
3.118279569892473546e+01	9.656506443274086138e+00
3.137829912023460111e+01	1.080824641602040437e+01
3.157380254154446675e+01	8.948356072584584098e+00
3.176930596285433239e+01	1.062255626355411664e+01
3.196480938416422646e+01	9.485649637282632440e+00
3.216031280547409210e+01	9.393036338196619539e+00
3.235581622678395775e+01	1.074744250962623049e+01
3.255131964809382339e+01	8.207382290719531071e+00
3.274682306940371745e+01	1.102167439054407438e+01
3.294232649071358310e+01	9.767013857701750013e+00
3.313782991202344874e+01	9.708192242428152596e+00
3.333333333333331439e+01	9.841368010905473085e+00
3.352883675464320845e+01	1.042610415805022051e+01
3.372434017595307409e+01	1.038206496645145904e+01
3.391984359726293974e+01	9.460069148985079224e+00
3.411534701857283380e+01	8.996568398814000389e+00
3.431085043988269945e+01	1.002261926004891812e+01
3.450635386119256509e+01	1.135073143807070473e+01
3.470185728250243073e+01	9.462759743749641572e+00
3.489736070381232480e+01	1.117582045018213677e+01
3.509286412512219044e+01	8.603962045235704181e+00
3.528836754643205609e+01	1.007411404058356119e+01
3.548387096774192173e+01	1.030101862275785329e+01
3.567937438905181580e+01	1.001080557340534405e+01
3.587487781036168144e+01	1.094946600074895215e+01
3.607038123167154708e+01	9.988472235351524731e+00
3.626588465298141273e+01	9.735585671072692904e+00
3.646138807429130679e+01	9.125006321869109982e+00
3.665689149560117244e+01	1.208584669435917824e+01
3.685239491691103808e+01	7.956635326654192042e+00
3.704789833822090372e+01	1.092519613541419865e+01
3.724340175953079779e+01	9.417985857412448425e+00
3.743890518084066343e+01	9.782405885107595012e+00
3.763440860215052908e+01	1.087333291897228449e+01
3.782991202346039472e+01	9.326101962478695384e+00
3.802541544477028879e+01	9.034724028230836979e+00
3.822091886608015443e+01	1.138837862384142952e+01
3.841642228739002007e+01	1.076549626740749765e+01
3.861192570869988572e+01	7.975267008082020936e+00
3.880742913000977978e+01	1.154062986546703229e+01
3.900293255131964543e+01	8.197647861189951257e+00
3.919843597262951107e+01	1.091524678947555316e+01
3.939393939393937671e+01	1.178441357686427970e+01
3.958944281524927078e+01	8.180827928243930458e+00
3.978494623655913642e+01	1.041424965718251627e+01
3.998044965786900207e+01	1.109777184979509812e+01
4.017595307917886771e+01	9.967093515759314570e+00
4.037145650048876178e+01	1.037517609571870558e+01
4.056695992179862742e+01	1.077063192925438706e+01
4.076246334310849306e+01	7.769517392229563058e+00
4.095796676441835871e+01	1.240816444574883093e+01
4.115347018572825277e+01	8.875293477568918732e+00
4.134897360703811842e+01	9.528693299358911517e+00
4.154447702834798406e+01	1.089669668559614024e+01
4.173998044965784970e+01	9.213043048410268554e+00
4.193548387096774377e+01	1.031268048851039865e+01
4.213098729227760941e+01	9.555931838429380321e+00
4.232649071358747506e+01	9.672247993111595221e+00
4.252199413489736912e+01	9.469130479911820331e+00
4.271749755620723477e+01	1.187262980963956061e+01
4.291300097751710041e+01	8.628884691479161262e+00
4.310850439882696605e+01	1.022184919732838360e+01
4.330400782013686012e+01	9.218843027433115012e+00
4.349951124144672576e+01	1.057240009069578690e+01
4.369501466275659141e+01	1.101108259060636207e+01
4.389051808406645705e+01	8.451901775096768432e+00
4.408602150537635112e+01	1.084358636224070338e+01
4.428152492668621676e+01	9.615421910554788454e+00
4.447702834799608240e+01	1.076965457676183391e+01
4.467253176930594805e+01	9.538177999753258973e+00
4.486803519061584211e+01	9.722238081929800657e+00
4.506353861192570776e+01	9.456689169791381744e+00
4.525904203323557340e+01	9.779193854996657720e+00
4.545454545454543904e+01	1.054027169943983466e+01
4.565004887585533311e+01	9.099605692139478563e+00
4.584555229716519875e+01	1.261250273528804300e+01
4.604105571847506440e+01	7.994093600950738399e+00
4.623655913978493004e+01	1.171127096358997832e+01
4.643206256109482410e+01	1.024157213837174574e+01
4.662756598240468975e+01	1.072787690536142513e+01
4.682306940371455539e+01	8.938109598934055100e+00
4.701857282502442104e+01	1.080006973433306072e+01
4.721407624633431510e+01	9.139741607331954398e+00
4.740957966764418074e+01	1.055996127723529909e+01
4.760508308895404639e+01	1.147072014373043736e+01
4.780058651026391203e+01	7.235363290193270736e+00
4.799608993157380610e+01	1.135889206831117093e+01
4.819159335288367174e+01	8.981599719185684449e+00
4.838709677419353739e+01	9.759341332278397729e+00
4.858260019550340303e+01	1.029878404793027791e+01
4.877810361681329709e+01	1.123007810967380848e+01
4.897360703812316274e+01	9.824891258318913856e+00
4.916911045943302838e+01	1.022948892636167528e+01
4.936461388074289403e+01	1.033149415823938355e+01
4.956011730205278809e+01	9.401548171267814169e+00
4.975562072336265373e+01	1.157393020627728752e+01
4.995112414467251938e+01	8.734597282118151895e+00
5.014662756598238502e+01	1.077836137997655896e+01
5.034213098729227909e+01	9.895226769288477442e+00
5.053763440860214473e+01	1.020247252667644489e+01
5.073313782991201037e+01	9.474003359169474336e+00
5.092864125122190444e+01	1.063552226740275231e+01
5.112414467253177008e+01	9.657363792723810292e+00
5.131964809384163573e+01	9.276585885846255763e+00
5.151515151515150137e+01	1.070763598259959615e+01
5.171065493646139544e+01	8.695323909935718021e+00
5.190615835777126108e+01	1.112229368413717445e+01
5.210166177908112672e+01	8.164593168452336513e+00
5.229716520039099237e+01	1.065038191169649551e+01
5.249266862170088643e+01	1.076176969434950692e+01
5.268817204301075208e+01	8.937843119312805840e+00
5.288367546432061772e+01	1.120573577600286264e+01
5.307917888563048336e+01	9.831295616214381639e+00
5.327468230694037743e+01	1.107518144294150453e+01
5.347018572825024307e+01	9.549375925765493989e+00
5.366568914956010872e+01	1.055059263854440488e+01
5.386119257086997436e+01	8.030824425891200491e+00
5.405669599217986843e+01	1.060101952834130223e+01
5.425219941348973407e+01	8.837878322380319673e+00
5.444770283479959971e+01	9.896981131847365276e+00
5.464320625610946536e+01	1.091768592764806556e+01
5.483870967741935942e+01	9.726302427821932994e+00
5.503421309872922507e+01	1.179424704958341152e+01
5.522971652003909071e+01	8.793786414671412643e+00
5.542521994134895635e+01	9.529516874429690532e+00
5.562072336265885042e+01	9.874741721944749528e+00
5.581622678396871606e+01	1.150393338612359173e+01
5.601173020527858171e+01	7.786820049383387676e+00
5.620723362658844735e+01	1.197941530017321199e+01
5.640273704789834142e+01	9.828610591610493330e+00
5.659824046920820706e+01	9.193444135207519352e+00
5.679374389051807270e+01	1.064375143834157100e+01
5.698924731182793835e+01	8.548151828477417169e+00
5.718475073313783241e+01	9.977049287477594675e+00
5.738025415444769806e+01	9.567200756836793829e+00
5.757575757575756370e+01	9.866261773107785515e+00
5.777126099706742934e+01	8.332831231400087191e+00
5.796676441837732341e+01	1.291242726404329666e+01
5.816226783968718905e+01	8.905270448378857395e+00
5.835777126099705470e+01	1.156135095991743533e+01
5.855327468230694876e+01	1.061545123018051129e+01
5.874877810361681441e+01	8.621128748183627621e+00
5.894428152492668005e+01	1.061948396238397940e+01
5.913978494623654569e+01	9.580572595992283169e+00
5.933528836754643976e+01	9.219717650395114816e+00
5.953079178885630540e+01	9.036704470912594545e+00
5.972629521016617105e+01	1.074991266093847386e+01
5.992179863147603669e+01	8.042307701763137473e+00
6.011730205278593075e+01	1.051657775433428199e+01
6.031280547409579640e+01	9.162776384713398059e+00
6.050830889540566204e+01	8.758218871053472299e+00
6.070381231671552769e+01	1.045835004579842753e+01
6.089931573802542175e+01	9.064727229391413843e+00
6.109481915933528740e+01	1.105256173459930480e+01
6.129032258064515304e+01	1.024013124069457525e+01
6.148582600195501868e+01	1.139938127175730287e+01
6.168132942326491275e+01	9.432957449970061248e+00
6.187683284457477839e+01	1.146570500147690197e+01
6.207233626588464404e+01	8.512256177204134744e+00
6.226783968719450968e+01	1.090896933719341710e+01
6.246334310850440374e+01	9.971683452486931998e+00
6.265884652981426939e+01	1.023378276849935453e+01
6.285434995112413503e+01	1.106763374368655484e+01
6.304985337243400068e+01	7.755843086011046772e+00
6.324535679374389474e+01	1.025568102799492465e+01
6.344086021505376038e+01	8.392837595927673533e+00
6.363636363636362603e+01	1.120762105332553560e+01
6.383186705767349167e+01	9.630857784151293899e+00
6.402737047898338574e+01	9.531942935803106920e+00
6.422287390029325138e+01	9.552590902079602486e+00
6.441837732160311703e+01	9.435662048400949686e+00
6.461388074291298267e+01	9.118730550013159686e+00
6.480938416422287673e+01	8.139837395232468964e+00
6.500488758553274238e+01	1.218209286096518973e+01
6.520039100684260802e+01	8.088741183157759806e+00
6.539589442815247367e+01	1.114072108027373176e+01
6.559139784946236773e+01	1.073413425736229065e+01
6.578690127077223337e+01	8.712632453383671205e+00
6.598240469208209902e+01	1.097012541958277332e+01
6.617790811339196466e+01	1.078667938854590602e+01
6.637341153470185873e+01	8.552846971286964362e+00
6.656891495601172437e+01	9.262046335212898995e+00
6.676441837732159001e+01	1.110010042309053802e+01
6.695992179863148408e+01	8.537201213623792029e+00
6.715542521994134972e+01	1.212656254122739874e+01
6.735092864125121537e+01	8.119362499995673943e+00
6.754643206256108101e+01	1.041339720732623064e+01
6.774193548387097508e+01	1.008382936985153044e+01
6.793743890518084072e+01	8.618054040041707609e+00
6.813294232649070636e+01	1.078064919422192069e+01
6.832844574780057201e+01	1.049639706905018599e+01
6.852394916911046607e+01	1.090059498071484079e+01
6.871945259042033172e+01	8.297555861474126715e+00
6.891495601173019736e+01	1.178243534166944073e+01
6.911045943304006300e+01	7.935373645358675176e+00
6.930596285434995707e+01	1.101024302281898137e+01
6.950146627565982271e+01	1.049772364497757060e+01
6.969696969696968836e+01	9.986891642585881357e+00
6.989247311827955400e+01	9.633812212631870153e+00
7.008797653958944807e+01	1.040350503093957713e+01
7.028347996089931371e+01	9.921470659563937033e+00
7.047898338220917935e+01	9.510966638561470177e+00
7.067448680351904500e+01	1.058650425781205229e+01
7.086999022482893906e+01	8.264040937427235889e+00
7.106549364613880471e+01	1.221894404280477175e+01
7.126099706744867035e+01	8.324395425795831471e+00
7.145650048875853599e+01	9.517069627352517713e+00
7.165200391006843006e+01	9.583360203113757692e+00
7.184750733137829570e+01	8.846598955583978352e+00
7.204301075268816135e+01	1.171651014208996777e+01
7.223851417399802699e+01	9.778876338253736478e+00
7.243401759530792106e+01	9.765488187472861625e+00
7.262952101661778670e+01	9.256374208510713686e+00
7.282502443792765234e+01	9.564838822779156757e+00
7.302052785923751799e+01	8.756928414993115695e+00
7.321603128054741205e+01	1.001862678038355980e+01
7.341153470185727770e+01	8.900351212486420138e+00
7.360703812316714334e+01	1.030339473227091851e+01
7.380254154447700898e+01	1.127407077053656437e+01
7.399804496578690305e+01	8.302229335302866886e+00
7.419354838709676869e+01	1.265559106193429884e+01
7.438905180840663434e+01	9.242989055458789238e+00
7.458455522971649998e+01	1.034817457832930110e+01
7.478005865102639405e+01	1.015194952480953816e+01
7.497556207233625969e+01	1.091085016527739526e+01
7.517106549364612533e+01	8.330669218542551491e+00
7.536656891495601940e+01	1.244539935084803695e+01
7.556207233626588504e+01	9.458027762114689097e+00
7.575757575757575069e+01	9.619554993317835923e+00
7.595307917888561633e+01	1.154292755869743203e+01
7.614858260019551039e+01	7.711514184309643305e+00
7.634408602150537604e+01	1.133848747345195740e+01
7.653958944281524168e+01	1.053632035647026655e+01
7.673509286412510733e+01	1.028514927464901696e+01
7.693059628543500139e+01	9.896428592175542605e+00
7.712609970674486704e+01	1.161808412716118433e+01
7.732160312805473268e+01	9.023241122752175158e+00
7.751710654936459832e+01	1.050571571553086514e+01
7.771260997067449239e+01	1.033412284847871376e+01
7.790811339198435803e+01	8.812685343023812123e+00
7.810361681329422368e+01	1.224009661062402188e+01
7.829912023460408932e+01	8.746536932058562641e+00
7.849462365591398338e+01	9.964631018554740649e+00
7.869012707722384903e+01	1.086112611239572168e+01
7.888563049853371467e+01	9.254285882117891049e+00
7.908113391984358032e+01	9.282144936732789731e+00
7.927663734115347438e+01	1.027549192669826361e+01
7.947214076246334002e+01	1.077908808366808380e+01
7.966764418377320567e+01	9.918062710186136499e+00
7.986314760508307131e+01	1.181170307982152679e+01
8.005865102639296538e+01	7.574904315133655253e+00
8.025415444770283102e+01	1.164310401644468485e+01
8.044965786901269666e+01	9.461090744643096073e+00
8.064516129032256231e+01	1.003742121331327297e+01
8.084066471163245637e+01	9.877834779554479638e+00
8.103616813294232202e+01	9.139844942237207448e+00
8.123167155425218766e+01	1.051558899571583794e+01
8.142717497556205331e+01	1.013556654604980523e+01
8.162267839687194737e+01	1.087923348076204988e+01
8.181818181818181301e+01	9.376485002629573628e+00
8.201368523949167866e+01	1.051700676258383815e+01
8.220918866080154430e+01	8.381238463633971847e+00
8.240469208211143837e+01	1.035569328307690640e+01
8.260019550342130401e+01	9.561069984885879336e+00
8.279569892473116965e+01	1.048840309700131890e+01
8.299120234604103530e+01	1.078082085239044652e+01
8.318670576735092936e+01	9.458597483932880579e+00
8.338220918866079501e+01	1.015711226939817990e+01
8.357771260997066065e+01	9.732545020442842088e+00
8.377321603128055472e+01	9.490836368850349203e+00
8.396871945259042036e+01	9.265319587758677145e+00
8.416422287390028600e+01	1.135491395809885695e+01
8.435972629521015165e+01	7.835161570346929061e+00
8.455522971652004571e+01	1.183925028414873992e+01
8.475073313782991136e+01	9.772067773828315040e+00
8.494623655913977700e+01	8.635597194128763476e+00
8.514173998044964264e+01	1.122298599209806547e+01
8.533724340175953671e+01	9.020286124601526012e+00
8.553274682306940235e+01	9.721711443926096763e+00
8.572825024437926800e+01	1.105849670155658160e+01
8.592375366568913364e+01	9.902255021260772949e+00
8.611925708699902771e+01	8.054177326752215649e+00
8.631476050830889335e+01	1.287205210192792393e+01
8.651026392961875899e+01	9.485605154185874355e+00
8.670576735092862464e+01	9.617672937987107318e+00
8.690127077223851870e+01	1.185113683768015669e+01
8.709677419354838435e+01	8.499400589790839788e+00
8.729227761485824999e+01	1.162269879356278857e+01
8.748778103616811563e+01	1.018975299629422437e+01
8.768328445747800970e+01	9.609381955729647373e+00
8.787878787878787534e+01	9.480045982188704201e+00
8.807429130009774099e+01	1.247137700608281818e+01
8.826979472140760663e+01	8.563757340877600654e+00
8.846529814271750070e+01	1.196223876652816465e+01
8.866080156402736634e+01	1.039862246352283925e+01
8.885630498533723198e+01	8.884908664542582102e+00
8.905180840664709763e+01	1.055896871725983921e+01
8.924731182795699169e+01	9.859653770496494829e+00
8.944281524926685734e+01	9.991969750596966904e+00
8.963831867057672298e+01	9.524747075961171205e+00
8.983382209188658862e+01	1.064720488890490024e+01
9.002932551319648269e+01	8.284911612601291608e+00
9.022482893450634833e+01	1.172658503406955255e+01
9.042033235581621398e+01	9.752999616889976409e+00
9.061583577712607962e+01	1.096504938115337247e+01
9.081133919843597369e+01	1.040708193211902710e+01
9.100684261974583933e+01	9.770040414275161567e+00
9.120234604105570497e+01	1.063904928357201385e+01
9.139784946236557062e+01	7.965091925568159148e+00
9.159335288367546468e+01	1.166023891666005419e+01
9.178885630498533033e+01	9.067152847948404926e+00
9.198435972629519597e+01	9.599292008273414112e+00
9.217986314760509003e+01	9.563969982561518535e+00
9.237536656891495568e+01	1.054348915140754706e+01
9.257086999022482132e+01	1.043669153796139248e+01
9.276637341153468697e+01	1.078528475417560095e+01
9.296187683284458103e+01	1.057528094002513264e+01
9.315738025415444667e+01	9.296519686215843237e+00
9.335288367546431232e+01	1.266712780897013424e+01
9.354838709677417796e+01	8.610269240429927251e+00
9.374389051808407203e+01	9.670472085443842403e+00
9.393939393939393767e+01	1.090793990249061096e+01
9.413489736070380332e+01	8.652711868522041883e+00
9.433040078201366896e+01	1.068968842088438898e+01
9.452590420332356302e+01	9.832313337981519297e+00
9.472140762463342867e+01	9.995482738535605094e+00
9.491691104594329431e+01	8.523465145573661417e+00
9.511241446725315996e+01	1.099484592973310093e+01
9.530791788856305402e+01	7.127877110517808035e+00
9.550342130987291966e+01	1.189719792662260645e+01
9.569892473118278531e+01	9.253092669051650176e+00
9.589442815249265095e+01	8.418431698436638300e+00
9.608993157380254502e+01	1.111093007929082965e+01
9.628543499511241066e+01	1.042929379687036295e+01
9.648093841642227630e+01	8.768109065999562191e+00
9.667644183773214195e+01	1.020325254738538234e+01
9.687194525904203601e+01	1.146582031386438594e+01
9.706744868035190166e+01	7.545383509187503002e+00
9.726295210166176730e+01	1.205830810923129270e+01
9.745845552297163294e+01	7.791675310384394315e+00
9.765395894428152701e+01	9.680841076202346684e+00
9.784946236559139265e+01	1.130306509176184626e+01
9.804496578690125830e+01	8.757626366884503355e+00
9.824046920821112394e+01	9.865177110078718670e+00
9.843597262952101801e+01	1.092301231637690329e+01
9.863147605083088365e+01	1.088823060329813508e+01
9.882697947214074929e+01	9.410905336790062137e+00
9.902248289345061494e+01	1.113221522243634531e+01
9.921798631476050900e+01	7.771971720744867973e+00
9.941348973607037465e+01	1.066888809376165526e+01
9.960899315738024029e+01	9.862669088291220021e+00
9.980449657869010593e+01	9.353193088933187127e+00
1.000000000000000000e+02	1.113532688595848974e+01
